-529
-529
-523
-520
-521
-518
-553
-671
-714
-710
-697
-684
-679
-685
-696
-722
-739
-749
-745
-738
-724
-699
-675
-648
-624
-596
-561
-529
-508
-494
-489
-487
-488
-495
-511
-525
-550
-567
-586
-600
-619
-635
-652
-661
-668
-669
-666
-664
-680
-702
-731
-757
-785
-806
-828
-843
-856
-869
-884
-874
-855
-837
-820
-804
-792
-783
-776
-768
-761
-759
-760
-756
-761
-764
-770
-778
-783
-788
-790
-794
-802
-804
-813
-811
-812
-812
-814
-820
-824
-835
-842
-851
-852
-801
-666
-619
-599
-592
-599
-625
-644
-666
-668
-681
-707
-809
-899
-935
-958
-967
-972
-980
-987
-1009
-1029
-1041
-1047
-1041
-1030
-1007
-979
-951
-922
-889
-855
-827
-792
-760
-737
-719
-701
-692
-687
-688
-691
-702
-708
-717
-722
-732
-735
-739
-747
-748
-747
-748
-747
-742
-751
-776
-802
-831
-854
-874
-895
-910
-924
-935
-945
-934
-916
-893
-871
-848
-830
-813
-803
-796
-790
-787
-788
-788
-789
-790
-791
-794
-795
-793
-788
-785
-787
-792
-792
-796
-793
-793
-790
-796
-796
-801
-805
-812
-828
-842
-783
-680
-648
-648
-659
-689
-710
-718
-736
-805
-856
-882
-894
-913
-930
-939
-946
-958
-978
-994
-1003
-1015
-1015
-1010
-998
-978
-952
-921
-889
-862
-827
-801
-767
-736
-716
-699
-697
-697
-696
-697
-699
-698
-706
-710
-711
-715
-719
-724
-728
-730
-730
-729
-728
-722
-728
-751
-787
-818
-849
-881
-901
-923
-940
-952
-959
-948
-936
-910
-889
-867
-848
-831
-824
-811
-804
-797
-795
-792
-785
-783
-786
-793
-790
-791
-786
-788
-790
-797
-800
-802
-804
-809
-809
-813
-815
-823
-832
-843
-858
-872
-873
-789
-711
-692
-704
-729
-761
-798
-841
-873
-895
-912
-933
-959
-985
-1015
-1029
-1043
-1039
-1035
-1030
-1014
-999
-982
-955
-936
-914
-888
-865
-838
-812
-789
-756
-726
-703
-682
-671
-664
-654
-655
-650
-655
-658
-663
-669
-668
-671
-675
-679
-681
-686
-689
-693
-704
-716
-745
-781
-814
-845
-868
-885
-894
-907
-916
-915
-904
-877
-855
-830
-816
-805
-792
-789
-777
-768
-760
-756
-747
-734
-733
-727
-723
-716
-710
-701
-695
-696
-703
-698
-695
-696
-697
-706
-710
-723
-730
-745
-758
-769
-780
-755
-637
-579
-561
-556
-569
-583
-589
-623
-667
-698
-716
-736
-762
-793
-814
-834
-842
-853
-854
-854
-844
-831
-813
-790
-765
-738
-711
-681
-656
-627
-597
-558
-527
-496
-482
-476
-466
-459
-454
-452
-456
-468
-474
-486
-498
-506
-512
-516
-520
-522
-522
-523
-521
-530
-557
-586
-615
-636
-660
-679
-695
-700
-708
-717
-709
-687
-665
-650
-630
-615
-600
-593
-581
-576
-576
-575
-576
-582
-590
-607
-619
-630
-635
-635
-636
-645
-645
-651
-649
-651
-647
-649
-651
-659
-671
-682
-701
-713
-730
-667
-566
-543
-548
-560
-580
-606
-613
-612
-661
-719
-749
-761
-779
-796
-808
-808
-820
-830
-839
-836
-833
-827
-810
-789
-762
-736
-705
-673
-640
-609
-579
-547
-515
-494
-474
-465
-464
-461
-458
-461
-466
-472
-480
-491
-502
-510
-514
-518
-516
-515
-514
-511
-506
-520
-546
-580
-613
-643
-668
-690
-708
-718
-728
-735
-734
-714
-694
-669
-650
-635
-626
-613
-612
-604
-609
-605
-606
-607
-615
-621
-622
-625
-629
-624
-622
-630
-637
-638
-646
-650
-653
-655
-664
-671
-682
-696
-715
-727
-742
-736
-630
-559
-553
-560
-583
-606
-626
-669
-707
-735
-754
-780
-810
-842
-862
-881
-898
-904
-906
-906
-894
-883
-858
-834
-808
-778
-751
-716
-684
-653
-630
-602
-573
-548
-527
-517
-509
-505
-501
-504
-508
-524
-537
-548
-562
-573
-586
-600
-605
-610
-610
-606
-602
-608
-631
-660
-687
-717
-739
-761
-772
-788
-792
-799
-790
-771
-749
-724
-707
-691
-675
-665
-658
-651
-640
-634
-629
-627
-628
-629
-631
-634
-635
-633
-634
-644
-653
-661
-666
-676
-687
-697
-708
-718
-734
-746
-758
-773
-781
-782
-706
-612
-588
-587
-610
-635
-673
-711
-745
-768
-792
-818
-845
-874
-900
-914
-914
-911
-906
-898
-886
-876
-857
-844
-824
-805
-780
-755
-732
-704
-683
-656
-631
-608
-590
-583
-577
-564
-558
-555
-556
-564
-569
-575
-582
-590
-598
-605
-615
-624
-633
-634
-639
-643
-667
-694
-720
-748
-772
-792
-813
-826
-842
-849
-851
-839
-819
-803
-787
-778
-763
-757
-746
-734
-729
-723
-719
-715
-719
-721
-715
-716
-710
-700
-695
-696
-701
-708
-717
-719
-732
-741
-754
-764
-776
-784
-796
-806
-815
-814
-717
-643
-628
-639
-670
-699
-725
-764
-804
-821
-845
-865
-889
-913
-932
-949
-952
-951
-949
-939
-929
-910
-892
-871
-844
-817
-794
-763
-735
-705
-675
-648
-620
-595
-581
-578
-576
-573
-576
-579
-588
-596
-608
-615
-626
-640
-649
-659
-663
-663
-671
-674
-678
-687
-715
-750
-783
-811
-836
-858
-872
-889
-897
-906
-895
-876
-855
-832
-817
-801
-790
-779
-771
-764
-755
-759
-756
-757
-760
-761
-763
-766
-760
-756
-751
-756
-761
-767
-763
-760
-755
-760
-763
-772
-786
-800
-812
-830
-849
-813
-706
-681
-685
-700
-732
-762
-781
-811
-882
-920
-938
-956
-974
-992
-1007
-1016
-1033
-1047
-1046
-1054
-1048
-1037
-1014
-992
-966
-935
-902
-876
-845
-814
-783
-746
-710
-680
-663
-651
-653
-653
-649
-651
-658
-666
-676
-691
-698
-708
-715
-725
-732
-731
-734
-734
-734
-744
-767
-797
-828
-863
-892
-916
-931
-943
-956
-960
-950
-928
-903
-880
-857
-837
-822
-812
-797
-791
-791
-796
-802
-803
-807
-816
-823
-823
-831
-829
-830
-832
-841
-844
-845
-848
-850
-854
-861
-867
-877
-897
-910
-923
-934
-845
-772
-763
-766
-780
-803
-827
-833
-832
-847
-931
-968
-972
-978
-991
-995
-991
-994
-1010
-1015
-1020
-1022
-1017
-1003
-987
-971
-946
-920
-888
-862
-838
-806
-776
-746
-714
-698
-682
-672
-661
-650
-645
-642
-641
-643
-647
-650
-661
-663
-670
-676
-681
-681
-682
-688
-699
-725
-752
-780
-797
-815
-831
-842
-851
-868
-879
-877
-867
-853
-840
-827
-812
-806
-800
-798
-804
-810
-820
-827
-837
-838
-844
-844
-850
-847
-840
-836
-836
-842
-845
-844
-846
-843
-850
-850
-858
-866
-878
-888
-901
-907
-829
-739
-721
-718
-725
-751
-775
-788
-792
-846
-911
-943
-961
-980
-997
-1013
-1018
-1027
-1044
-1050
-1051
-1053
-1048
-1037
-1020
-1000
-975
-948
-919
-894
-870
-840
-805
-774
-748
-733
-718
-716
-713
-711
-712
-714
-720
-727
-731
-743
-748
-758
-764
-774
-777
-779
-774
-775
-782
-808
-838
-871
-894
-918
-938
-951
-958
-968
-980
-971
-953
-925
-905
-880
-857
-841
-830
-821
-810
-806
-800
-796
-792
-795
-795
-799
-802
-804
-795
-784
-787
-796
-799
-804
-808
-812
-822
-830
-847
-863
-878
-903
-919
-921
-812
-751
-742
-746
-751
-778
-801
-809
-802
-798
-873
-946
-971
-984
-996
-1001
-998
-998
-1005
-1017
-1023
-1026
-1017
-1000
-980
-956
-932
-902
-872
-838
-807
-777
-746
-718
-697
-683
-683
-683
-684
-684
-693
-703
-714
-723
-734
-740
-746
-756
-761
-766
-769
-772
-778
-779
-789
-815
-848
-882
-910
-940
-962
-986
-999
-1017
-1022
-1016
-996
-970
-947
-925
-905
-886
-872
-862
-851
-844
-839
-832
-825
-823
-823
-822
-825
-819
-809
-802
-801
-797
-792
-787
-777
-777
-771
-770
-779
-789
-800
-812
-825
-841
-826
-718
-657
-649
-650
-684
-715
-756
-808
-867
-904
-932
-965
-998
-1037
-1065
-1090
-1104
-1110
-1109
-1101
-1083
-1062
-1032
-992
-952
-907
-864
-819
-780
-743
-706
-672
-638
-618
-601
-599
-599
-597
-602
-610
-621
-633
-647
-665
-676
-684
-695
-706
-715
-720
-718
-716
-714
-719
-742
-769
-793
-821
-834
-859
-871
-882
-886
-892
-888
-866
-843
-816
-794
-777
-764
-751
-742
-733
-730
-726
-721
-716
-710
-707
-699
-695
-689
-676
-663
-655
-658
-656
-652
-650
-646
-648
-648
-658
-666
-677
-692
-707
-722
-732
-722
-635
-561
-543
-562
-590
-630
-672
-710
-748
-791
-834
-888
-934
-963
-975
-972
-964
-954
-935
-916
-894
-868
-838
-804
-773
-738
-702
-671
-643
-612
-583
-555
-533
-515
-506
-505
-504
-505
-508
-516
-524
-532
-542
-548
-557
-557
-561
-559
-552
-550
-546
-543
-549
-566
-599
-631
-664
-696
-725
-756
-778
-791
-797
-788
-768
-741
-716
-691
-669
-656
-643
-632
-621
-609
-601
-591
-588
-585
-584
-584
-580
-576
-565
-552
-550
-550
-548
-542
-537
-537
-544
-556
-568
-580
-598
-614
-628
-646
-628
-511
-463
-451
-454
-470
-494
-517
-565
-606
-630
-645
-664
-686
-713
-735
-757
-768
-770
-770
-762
-751
-731
-711
-686
-657
-633
-608
-587
-558
-540
-512
-486
-458
-431
-416
-404
-403
-399
-393
-400
-403
-411
-420
-430
-439
-446
-454
-461
-467
-471
-470
-470
-471
-481
-506
-538
-573
-605
-628
-656
-672
-685
-699
-708
-701
-678
-648
-622
-592
-574
-560
-553
-549
-544
-542
-541
-541
-539
-538
-536
-537
-533
-532
-526
-520
-531
-536
-540
-550
-563
-569
-575
-588
-596
-615
-629
-597
-468
-432
-438
-436
-431
-418
-408
-410
-406
-421
-431
-437
-446
-454
-458
-470
-470
-470
-515
-614
-613
-608
-595
-588
-591
-599
-613
-624
-631
-630
-612
-596
-575
-551
-524
-490
-463
-441
-430
-425
-415
-410
-400
-400
-403
-408
-419
-431
-440
-446
-457
-471
-474
-476
-475
-483
-482
-500
-525
-544
-554
-547
-347
-274
-233
-198
-177
-157
-118
-83
-46
-18
-1
5
6
1
-6
-17
-32
-45
-60
-79
-96
-112
-132
-135
-136
-132
-132
-140
-147
-155
-168
-175
-183
-196
-205
-219
-232
-245
-262
-286
-309
-328
-349
-367
-392
-434
-480
-522
-552
-581
-600
-614
-618
-619
-619
-608
-585
-558
-525
-496
-471
-450
-433
-414
-402
-394
-383
-369
-353
-335
-313
-283
-245
-200
-159
-137
-257
-301
-300
-300
-302
-320
-341
-377
-418
-453
-481
-502
-524
-537
-548
-551
-552
-556
-569
-600
-639
-675
-713
-740
-766
-782
-794
-799
-802
-801
-772
-746
-714
-695
-676
-658
-643
-634
-627
-620
-615
-611
-606
-596
-601
-600
-599
-598
-592
-578
-578
-579
-571
-570
-566
-561
-559
-566
-571
-551
-404
-372
-365
-371
-372
-373
-361
-345
-324
-328
-352
-379
-407
-431
-453
-468
-478
-485
-492
-484
-462
-437
-406
-385
-528
-553
-548
-548
-550
-556
-565
-581
-590
-588
-576
-556
-528
-499
-473
-445
-435
-421
-408
-404
-395
-396
-401
-402
-410
-415
-424
-423
-427
-432
-431
-424
-422
-414
-414
-428
-457
-486
-517
-548
-576
-600
-627
-647
-658
-657
-639
-614
-591
-566
-546
-527
-509
-495
-486
-477
-469
-462
-459
-458
-461
-462
-464
-468
-464
-460
-457
-462
-464
-470
-464
-468
-471
-475
-482
-489
-472
-327
-288
-288
-285
-284
-275
-256
-233
-224
-228
-240
-257
-276
-293
-311
-319
-330
-336
-331
-313
-294
-416
-454
-451
-455
-456
-467
-478
-489
-512
-513
-510
-504
-492
-474
-448
-427
-402
-382
-365
-354
-345
-338
-331
-334
-336
-344
-350
-361
-369
-377
-387
-395
-404
-402
-403
-405
-407
-424
-452
-484
-514
-540
-566
-586
-604
-619
-633
-627
-614
-590
-571
-547
-533
-521
-515
-508
-506
-502
-502
-504
-501
-498
-496
-498
-495
-492
-485
-479
-474
-476
-479
-482
-487
-490
-500
-506
-515
-529
-544
-556
-480
-383
-366
-360
-352
-349
-344
-344
-353
-354
-361
-365
-369
-378
-377
-390
-500
-585
-590
-583
-579
-580
-586
-604
-631
-648
-653
-650
-635
-617
-596
-574
-559
-530
-504
-471
-444
-419
-405
-389
-375
-364
-352
-352
-349
-352
-354
-350
-345
-344
-347
-346
-350
-364
-376
-389
-403
-439
-486
-524
-568
-605
-627
-654
-667
-678
-684
-676
-651
-621
-590
-562
-535
-522
-508
-499
-493
-487
-487
-487
-488
-494
-501
-506
-510
-512
-508
-510
-508
-516
-524
-523
-526
-525
-530
-534
-537
-545
-554
-566
-581
-597
-613
-630
-649
-666
-694
-736
-778
-828
-863
-892
-919
-938
-950
-956
-956
-944
-922
-894
-857
-820
-783
-750
-711
-681
-652
-614
-589
-559
-534
-504
-475
-446
-411
-370
-336
-306
-287
-280
-280
-281
-290
-307
-324
-345
-365
-383
-403
-424
-441
-456
-464
-472
-477
-475
-482
-503
-528
-560
-585
-607
-623
-643
-659
-675
-688
-684
-668
-649
-624
-600
-578
-563
-551
-539
-526
-515
-507
-495
-484
-476
-470
-466
-465
-456
-444
-437
-436
-442
-454
-465
-474
-491
-508
-531
-551
-570
-590
-617
-633
-652
-671
-685
-701
-711
-730
-757
-790
-818
-841
-867
-886
-904
-912
-926
-919
-912
-879
-837
-803
-773
-738
-715
-696
-673
-651
-627
-602
-575
-546
-517
-485
-452
-415
-383
-347
-319
-299
-293
-292
-290
-299
-310
-327
-342
-359
-373
-389
-406
-420
-435
-436
-442
-439
-437
-443
-472
-496
-519
-536
-543
-547
-551
-548
-546
-539
-522
-500
-467
-433
-402
-374
-352
-333
-318
-315
-305
-303
-302
-303
-310
-318
-330
-333
-335
-337
-334
-343
-349
-351
-357
-362
-376
-389
-403
-420
-436
-453
-471
-488
-509
-526
-545
-560
-576
-593
-624
-663
-702
-739
-762
-788
-805
-819
-834
-853
-858
-854
-833
-812
-793
-768
-746
-728
-700
-676
-656
-627
-600
-570
-541
-508
-479
-444
-404
-370
-351
-336
-332
-334
-338
-346
-362
-370
-378
-389
-394
-401
-404
-408
-416
-415
-414
-413
-413
-416
-442
-489
-535
-576
-607
-630
-648
-660
-670
-676
-676
-660
-634
-612
-588
-567
-544
-528
-513
-504
-496
-486
-473
-472
-471
-467
-465
-466
-468
-473
-475
-484
-496
-498
-495
-497
-499
-498
-500
-514
-528
-547
-560
-576
-591
-604
-547
-446
-414
-416
-428
-459
-490
-541
-588
-623
-653
-682
-706
-734
-757
-771
-774
-768
-768
-761
-753
-736
-714
-689
-661
-631
-600
-564
-533
-501
-469
-434
-408
-380
-361
-349
-347
-345
-339
-341
-344
-352
-363
-375
-382
-378
-377
-384
-384
-388
-391
-390
-388
-386
-402
-425
-452
-479
-509
-530
-559
-579
-599
-617
-627
-623
-610
-601
-586
-573
-560
-553
-544
-539
-535
-537
-531
-530
-522
-510
-502
-494
-489
-484
-477
-480
-490
-495
-496
-503
-503
-504
-506
-512
-516
-526
-540
-553
-558
-568
-503
-406
-379
-384
-406
-435
-466
-515
-557
-585
-617
-651
-689
-726
-765
-787
-799
-795
-788
-777
-760
-743
-725
-697
-669
-643
-607
-575
-543
-519
-494
-462
-439
-407
-388
-370
-363
-356
-351
-351
-352
-356
-363
-373
-385
-395
-409
-420
-434
-436
-440
-446
-446
-451
-470
-493
-521
-549
-574
-594
-604
-622
-630
-634
-637
-627
-604
-583
-560
-541
-520
-514
-504
-498
-493
-491
-492
-497
-500
-504
-510
-515
-511
-504
-492
-490
-493
-500
-500
-510
-512
-522
-538
-546
-556
-566
-581
-594
-608
-620
-601
-496
-450
-448
-471
-498
-533
-574
-609
-632
-658
-684
-711
-747
-784
-800
-802
-802
-802
-797
-786
-780
-765
-752
-724
-700
-676
-654
-632
-612
-585
-546
-511
-484
-456
-440
-426
-419
-408
-402
-395
-394
-398
-401
-402
-408
-409
-411
-410
-411
-413
-412
-413
-414
-435
-472
-516
-552
-575
-599
-620
-637
-654
-668
-665
-643
-615
-587
-554
-536
-517
-509
-503
-491
-489
-482
-477
-476
-474
-471
-469
-467
-461
-454
-448
-449
-451
-454
-452
-452
-451
-452
-459
-459
-471
-477
-494
-502
-525
-540
-533
-441
-382
-378
-411
-441
-480
-521
-549
-575
-601
-630
-655
-692
-733
-762
-770
-776
-771
-757
-739
-720
-693
-664
-632
-602
-581
-552
-531
-507
-481
-450
-419
-387
-364
-346
-338
-326
-316
-310
-307
-303
-296
-292
-284
-276
-269
-265
-264
-271
-280
-289
-302
-323
-349
-386
-427
-465
-503
-538
-564
-585
-605
-620
-620
-605
-582
-559
-538
-515
-497
-486
-474
-469
-460
-458
-451
-447
-445
-443
-446
-440
-435
-428
-414
-415
-416
-416
-420
-423
-417
-424
-444
-456
-471
-486
-501
-514
-525
-538
-476
-372
-344
-338
-354
-374
-402
-446
-489
-513
-537
-557
-576
-597
-615
-634
-635
-637
-633
-631
-622
-613
-595
-575
-555
-530
-501
-474
-444
-413
-384
-357
-322
-290
-273
-261
-258
-253
-242
-241
-239
-245
-254
-265
-273
-286
-303
-310
-327
-342
-353
-355
-354
-355
-360
-378
-399
-424
-442
-461
-479
-490
-501
-507
-505
-494
-474
-456
-439
-428
-412
-401
-392
-387
-383
-381
-377
-379
-378
-378
-373
-372
-363
-354
-342
-336
-334
-336
-335
-335
-337
-334
-342
-348
-353
-362
-372
-384
-397
-405
-334
-235
-211
-216
-236
-263
-289
-328
-374
-400
-424
-446
-473
-504
-532
-561
-578
-591
-602
-597
-589
-574
-554
-533
-505
-477
-444
-407
-368
-336
-298
-267
-231
-201
-178
-159
-154
-152
-144
-146
-155
-164
-181
-202
-215
-230
-244
-252
-266
-272
-272
-279
-284
-295
-316
-342
-370
-394
-421
-438
-457
-471
-483
-490
-482
-471
-452
-431
-415
-396
-383
-372
-366
-361
-355
-349
-348
-343
-338
-340
-338
-336
-334
-331
-325
-318
-325
-324
-322
-313
-307
-299
-297
-298
-307
-323
-340
-352
-366
-362
-251
-172
-158
-153
-169
-197
-225
-262
-325
-364
-388
-408
-430
-456
-485
-509
-531
-553
-565
-573
-570
-568
-551
-535
-515
-488
-462
-430
-398
-364
-335
-301
-269
-246
-219
-204
-194
-187
-179
-178
-182
-187
-197
-211
-222
-229
-240
-251
-260
-267
-262
-258
-254
-253
-266
-289
-321
-358
-396
-427
-455
-484
-507
-518
-522
-509
-488
-462
-443
-417
-400
-385
-372
-360
-353
-343
-342
-339
-339
-337
-334
-334
-336
-339
-336
-344
-354
-362
-367
-372
-370
-367
-366
-362
-363
-376
-389
-398
-410
-417
-307
-245
-237
-240
-259
-283
-306
-332
-394
-436
-462
-484
-514
-548
-576
-597
-616
-628
-631
-627
-620
-610
-591
-567
-544
-516
-487
-460
-431
-400
-371
-338
-303
-276
-251
-239
-229
-227
-228
-229
-234
-249
-263
-276
-286
-296
-307
-313
-314
-318
-315
-313
-307
-299
-311
-330
-352
-376
-398
-415
-426
-435
-443
-452
-452
-443
-423
-399
-379
-360
-351
-336
-337
-332
-329
-330
-332
-332
-340
-351
-356
-362
-367
-361
-348
-346
-348
-348
-345
-351
-356
-357
-371
-380
-394
-408
-424
-441
-455
-456
-349
-268
-253
-255
-270
-294
-316
-337
-393
-431
-444
-465
-480
-497
-519
-537
-552
-562
-564
-566
-566
-558
-544
-523
-498
-470
-435
-395
-352
-316
-276
-236
-202
-172
-148
-136
-134
-136
-134
-137
-142
-148
-162
-176
-184
-195
-201
-202
-205
-204
-202
-195
-191
-192
-204
-230
-260
-286
-310
-332
-354
-371
-386
-401
-404
-396
-376
-356
-333
-314
-297
-286
-278
-268
-260
-254
-253
-251
-245
-249
-246
-242
-242
-235
-234
-230
-235
-240
-243
-245
-243
-244
-247
-252
-259
-267
-278
-294
-300
-278
-150
-102
-98
-94
-112
-137
-160
-163
-191
-263
-299
-317
-333
-342
-358
-365
-376
-394
-404
-411
-411
-403
-396
-375
-351
-327
-304
-277
-248
-220
-191
-164
-132
-98
-80
-64
-58
-61
-58
-66
-70
-78
-85
-86
-84
-77
-72
-62
-53
-46
-45
-47
-54
-68
-98
-136
-181
-228
-265
-300
-334
-358
-378
-391
-393
-375
-348
-316
-288
-267
-249
-232
-217
-210
-200
-194
-189
-185
-182
-183
-183
-180
-184
-181
-178
-175
-175
-173
-163
-158
-151
-152
-156
-172
-189
-207
-231
-253
-271
-236
-117
-86
-84
-83
-94
-116
-126
-126
-122
-173
-239
-262
-272
-278
-294
-301
-300
-304
-315
-320
-325
-319
-311
-294
-275
-255
-236
-212
-186
-168
-143
-122
-94
-73
-48
-39
-29
-25
-15
-12
-8
-10
-17
-28
-40
-49
-62
-68
-72
-78
-79
-73
-73
-76
-91
-119
-154
-189
-220
-248
-272
-287
-301
-312
-317
-303
-279
-251
-229
-203
-183
-173
-159
-148
-145
-136
-133
-130
-122
-117
-118
-120
-116
-114
-108
-104
-106
-106
-106
-106
-106
-110
-120
-133
-156
-180
-206
-229
-249
-173
-85
-71
-73
-76
-89
-114
-130
-137
-142
-153
-240
-314
-347
-363
-382
-391
-392
-398
-414
-428
-436
-438
-432
-414
-398
-376
-350
-325
-296
-273
-248
-216
-181
-150
-124
-110
-100
-96
-88
-83
-83
-89
-94
-106
-118
-130
-142
-154
-163
-174
-180
-180
-179
-181
-196
-219
-249
-278
-301
-326
-341
-355
-368
-371
-376
-362
-342
-322
-301
-282
-268
-253
-244
-234
-232
-230
-227
-229
-224
-227
-228
-227
-226
-226
-221
-223
-230
-234
-233
-234
-239
-243
-254
-270
-283
-300
-320
-335
-344
-278
-184
-170
-165
-168
-181
-203
-216
-219
-221
-221
-300
-380
-410
-423
-436
-442
-437
-436
-447
-465
-482
-487
-487
-475
-461
-444
-424
-399
-373
-354
-328
-311
-294
-278
-270
-268
-269
-278
-281
-288
-298
-310
-320
-336
-345
-356
-370
-378
-389
-392
-401
-404
-408
-412
-435
-464
-497
-530
-556
-579
-594
-609
-622
-631
-635
-616
-593
-565
-542
-522
-504
-493
-485
-483
-474
-475
-478
-479
-477
-478
-480
-482
-478
-472
-468
-462
-464
-466
-471
-471
-469
-475
-480
-492
-505
-520
-538
-553
-572
-528
-412
-388
-387
-390
-396
-424
-436
-436
-432
-447
-535
-584
-596
-602
-597
-588
-579
-572
-586
-602
-620
-636
-643
-645
-645
-631
-620
-602
-584
-561
-533
-501
-472
-436
-409
-385
-371
-363
-357
-353
-358
-360
-366
-378
-385
-389
-392
-396
-403
-407
-412
-414
-415
-416
-426
-445
-471
-501
-524
-547
-572
-590
-603
-611
-618
-610
-605
-602
-601
-597
-599
-602
-606
-608
-612
-616
-624
-629
-639
-647
-651
-661
-662
-656
-650
-647
-653
-655
-655
-651
-657
-659
-669
-679
-691
-706
-719
-736
-749
-724
-605
-570
-569
-568
-579
-600
-615
-626
-615
-648
-737
-782
-798
-812
-831
-834
-838
-847
-863
-886
-899
-905
-903
-890
-874
-857
-839
-810
-789
-765
-732
-707
-675
-642
-618
-599
-586
-578
-573
-568
-567
-562
-569
-574
-577
-587
-597
-611
-619
-635
-644
-653
-658
-663
-681
-711
-736
-774
-798
-824
-841
-858
-873
-879
-882
-861
-836
-808
-782
-761
-740
-722
-711
-701
-695
-692
-691
-688
-688
-688
-686
-688
-687
-689
-684
-684
-693
-702
-710
-706
-714
-715
-728
-731
-749
-767
-784
-802
-820
-803
-687
-653
-659
-666
-679
-704
-720
-730
-724
-755
-846
-883
-903
-911
-923
-925
-922
-921
-941
-959
-966
-963
-961
-942
-926
-904
-878
-851
-828
-807
-783
-754
-725
-693
-667
-643
-635
-633
-631
-633
-638
-647
-659
-670
-681
-687
-699
-707
-721
-726
-728
-727
-727
-724
-727
-748
-771
-794
-821
-840
-860
-869
-885
-896
-908
-899
-883
-863
-842
-827
-811
-795
-785
-773
-759
-754
-745
-741
-741
-743
-747
-751
-750
-750
-743
-744
-742
-745
-743
-743
-742
-745
-748
-758
-768
-778
-797
-803
-783
-685
-630
-629
-629
-632
-638
-651
-657
-657
-644
-633
-620
-626
-718
-783
-803
-800
-793
-789
-790
-794
-820
-837
-850
-850
-841
-828
-807
-781
-757
-728
-700
-666
-635
-607
-579
-565
-560
-556
-557
-557
-560
-567
-567
-571
-571
-578
-579
-588
-596
-606
-608
-613
-617
-619
-632
-655
-683
-710
-739
-765
-784
-796
-810
-819
-819
-805
-774
-748
-719
-696
-672
-652
-639
-633
-633
-635
-639
-650
-652
-659
-665
-666
-668
-665
-662
-654
-652
-653
-655
-650
-644
-646
-646
-644
-642
-520
-437
-424
-418
-418
-419
-406
-392
-367
-355
-367
-391
-412
-438
-455
-468
-476
-473
-474
-469
-450
-422
-389
-362
-328
-297
-263
-232
-203
-169
-132
-80
-13
52
109
161
201
232
253
263
258
239
215
195
169
145
124
95
67
45
22
5
-14
-32
-48
-58
-61
-69
-74
-91
-123
-163
-202
-235
-266
-290
-314
-332
-347
-356
-350
-332
-313
-288
-270
-254
-240
-226
-221
-204
-197
-196
-192
-189
-186
-183
-187
-184
-184
-176
-177
-186
-192
-194
-196
-195
-192
-195
-199
-208
-222
-237
-253
-269
-286
-300
-312
-324
-332
-363
-406
-439
-471
-499
-524
-539
-551
-554
-565
-564
-547
-520
-494
-465
-438
-415
-399
-385
-371
-360
-344
-323
-306
-279
-251
-217
-301
-350
-324
-305
-290
-293
-311
-331
-364
-394
-423
-441
-459
-473
-489
-496
-501
-507
-512
-516
-518
-513
-507
-517
-539
-559
-582
-608
-624
-637
-655
-664
-674
-681
-671
-646
-620
-591
-562
-539
-522
-505
-493
-483
-469
-461
-453
-446
-440
-432
-429
-421
-415
-405
-394
-398
-405
-407
-407
-409
-405
-404
-407
-413
-420
-392
-239
-198
-190
-180
-178
-177
-162
-157
-158
-173
-196
-220
-236
-249
-255
-259
-263
-255
-236
-208
-174
-245
-319
-318
-320
-316
-316
-323
-327
-343
-348
-343
-329
-315
-289
-260
-225
-200
-184
-171
-164
-155
-148
-139
-138
-136
-139
-144
-147
-147
-157
-165
-170
-172
-169
-167
-166
-174
-197
-222
-248
-276
-294
-308
-327
-343
-360
-369
-364
-350
-327
-295
-265
-238
-214
-192
-176
-163
-158
-157
-155
-158
-161
-160
-164
-164
-160
-151
-151
-155
-156
-158
-155
-152
-151
-150
-152
-162
-169
-158
-7
50
55
57
60
58
67
72
68
62
43
29
12
2
-6
-7
-5
3
26
61
74
-46
-55
-46
-37
-37
-49
-64
-89
-109
-118
-118
-108
-93
-68
-45
-14
16
33
51
58
74
86
92
91
89
85
76
65
58
43
34
25
23
20
15
13
4
-23
-58
-88
-121
-150
-171
-190
-206
-222
-226
-212
-191
-158
-131
-104
-83
-65
-53
-44
-32
-25
-15
-9
3
11
8
8
3
9
16
22
20
16
11
10
8
12
21
22
22
21
14
1
-3
-14
68
187
209
206
198
172
141
124
120
92
3
-36
-53
-73
-91
-102
-113
-122
-145
-161
-176
-186
-186
-180
-166
-147
-127
-106
-82
-55
-36
-15
11
44
67
85
94
104
107
116
121
123
121
120
118
113
106
101
100
92
91
86
89
83
66
33
-6
-43
-78
-113
-137
-159
-175
-185
-195
-185
-157
-131
-99
-71
-47
-32
-18
-4
9
12
13
16
13
8
3
2
0
7
12
21
17
11
3
-6
-14
-23
-33
-47
-64
-75
-95
-110
-125
-137
-148
-159
-167
-175
-194
-229
-267
-301
-332
-361
-382
-409
-426
-440
-448
-448
-434
-407
-384
-359
-332
-309
-286
-265
-243
-224
-205
-187
-169
-144
-131
-106
-84
-58
-36
-21
-12
-15
-9
-12
-19
-27
-39
-54
-68
-76
-86
-98
-103
-107
-112
-113
-110
-109
-127
-155
-184
-215
-242
-268
-287
-303
-316
-330
-336
-322
-300
-274
-239
-221
-202
-184
-179
-165
-159
-154
-155
-151
-153
-154
-153
-155
-155
-148
-146
-139
-142
-145
-148
-150
-156
-159
-166
-174
-182
-203
-220
-232
-251
-269
-285
-299
-310
-314
-328
-358
-387
-422
-452
-473
-489
-500
-506
-513
-516
-509
-475
-440
-402
-366
-331
-303
-282
-259
-241
-223
-202
-171
-141
-103
-67
-32
11
51
79
98
109
108
105
103
98
89
80
62
49
36
32
23
13
9
8
13
16
18
17
2
-25
-52
-74
-89
-101
-113
-125
-132
-135
-125
-102
-75
-52
-33
-20
-15
-17
-21
-28
-37
-47
-55
-62
-70
-71
-75
-72
-56
-35
-18
-12
-14
-3
-2
3
11
16
22
22
30
28
24
23
20
14
10
4
3
-2
-26
-47
-65
-81
-96
-102
-113
-119
-127
-134
-128
-107
-73
-44
-11
17
43
66
81
93
107
123
137
152
162
178
189
205
220
233
239
243
238
239
236
239
237
234
233
228
224
219
210
200
187
177
165
154
144
120
91
59
17
-16
-44
-68
-90
-108
-122
-128
-122
-104
-74
-52
-28
-11
0
12
16
24
28
27
24
22
18
12
9
6
10
15
18
20
17
23
16
20
14
6
-6
-20
-31
-48
-63
-79
-79
47
120
126
125
115
89
64
44
35
36
31
4
-103
-165
-195
-203
-203
-202
-214
-224
-252
-269
-279
-283
-278
-269
-256
-229
-206
-185
-164
-137
-105
-80
-59
-44
-40
-42
-44
-49
-60
-70
-84
-100
-110
-118
-131
-140
-147
-154
-168
-168
-172
-172
-184
-213
-248
-278
-314
-347
-371
-392
-411
-428
-439
-435
-414
-395
-375
-361
-345
-339
-330
-329
-326
-325
-327
-330
-334
-336
-340
-345
-351
-350
-351
-350
-362
-370
-376
-380
-382
-388
-397
-403
-419
-437
-453
-472
-452
-340
-282
-277
-282
-284
-289
-313
-329
-343
-347
-352
-356
-363
-369
-373
-470
-549
-551
-526
-512
-499
-495
-503
-518
-536
-541
-540
-530
-512
-492
-470
-447
-425
-396
-370
-344
-330
-325
-323
-312
-312
-307
-306
-307
-307
-307
-309
-303
-310
-311
-308
-306
-298
-291
-286
-288
-307
-341
-378
-416
-460
-498
-526
-551
-571
-584
-586
-569
-544
-523
-506
-481
-467
-447
-439
-431
-428
-423
-419
-413
-411
-411
-412
-406
-399
-388
-383
-375
-377
-374
-370
-365
-364
-362
-363
-364
-376
-389
-398
-375
-263
-206
-201
-201
-201
-199
-212
-224
-234
-242
-246
-253
-261
-271
-303
-434
-478
-469
-457
-448
-440
-442
-449
-468
-483
-493
-488
-480
-461
-442
-420
-394
-366
-338
-308
-285
-266
-262
-258
-260
-256
-261
-265
-276
-284
-288
-295
-300
-299
-300
-307
-304
-304
-301
-300
-303
-321
-353
-387
-421
-447
-468
-479
-492
-498
-501
-493
-471
-449
-415
-392
-372
-354
-344
-331
-325
-318
-312
-311
-308
-306
-304
-307
-304
-296
-286
-280
-280
-281
-285
-287
-285
-282
-279
-278
-278
-283
-295
-300
-305
-316
-298
-176
-120
-117
-122
-142
-171
-196
-219
-279
-325
-335
-358
-387
-411
-435
-455
-476
-485
-492
-497
-491
-487
-472
-456
-435
-411
-392
-368
-346
-327
-303
-282
-253
-228
-212
-200
-190
-186
-180
-176
-176
-179
-184
-189
-194
-198
-202
-205
-213
-210
-207
-200
-195
-195
-208
-229
-246
-265
-287
-304
-324
-341
-362
-378
-387
-378
-360
-344
-320
-300
-284
-274
-264
-254
-246
-243
-237
-227
-223
-225
-224
-226
-229
-225
-226
-231
-243
-246
-248
-252
-257
-264
-265
-272
-284
-283
-297
-303
-316
-331
-345
-356
-364
-384
-415
-455
-493
-528
-554
-580
-599
-614
-624
-634
-627
-612
-589
-565
-540
-519
-496
-473
-446
-424
-397
-376
-354
-331
-308
-284
-253
-223
-184
-158
-136
-123
-120
-115
-114
-118
-122
-130
-139
-145
-154
-164
-174
-183
-187
-191
-201
-205
-209
-220
-245
-277
-311
-342
-368
-394
-415
-427
-438
-443
-434
-412
-385
-352
-328
-298
-278
-256
-235
-220
-207
-198
-190
-185
-180
-179
-181
-183
-184
-182
-180
-182
-186
-190
-186
-188
-190
-191
-197
-204
-214
-231
-253
-268
-286
-303
-325
-343
-356
-375
-410
-450
-495
-531
-565
-588
-604
-614
-622
-623
-615
-595
-567
-542
-517
-494
-466
-439
-406
-379
-355
-330
-306
-276
-253
-232
-207
-176
-148
-116
-98
-86
-83
-74
-69
-70
-74
-82
-89
-100
-102
-107
-114
-127
-142
-152
-165
-172
-179
-192
-211
-242
-273
-304
-331
-355
-372
-379
-391
-397
-383
-360
-329
-298
-278
-257
-242
-230
-222
-212
-203
-193
-189
-181
-173
-169
-164
-160
-157
-143
-138
-135
-136
-134
-137
-140
-138
-148
-150
-160
-175
-188
-210
-229
-252
-271
-278
-207
-128
-117
-140
-184
-220
-260
-296
-327
-362
-404
-445
-502
-543
-572
-580
-579
-580
-581
-575
-569
-554
-536
-518
-498
-476
-443
-419
-392
-359
-332
-295
-271
-246
-243
-237
-227
-218
-206
-197
-183
-179
-169
-166
-168
-173
-184
-197
-218
-229
-244
-252
-272
-297
-332
-365
-393
-415
-436
-445
-456
-458
-463
-459
-436
-411
-381
-354
-336
-316
-305
-298
-299
-302
-307
-312
-320
-325
-330
-334
-336
-336
-339
-337
-338
-346
-354
-361
-367
-374
-382
-394
-410
-425
-443
-455
-469
-488
-477
-356
-296
-288
-296
-316
-349
-372
-397
-458
-494
-503
-521
-536
-553
-566
-572
-581
-587
-585
-580
-578
-560
-542
-521
-494
-463
-438
-403
-377
-347
-315
-284
-251
-223
-195
-184
-179
-171
-167
-161
-159
-159
-159
-160
-167
-172
-182
-191
-206
-227
-246
-259
-274
-288
-315
-352
-386
-420
-446
-472
-486
-502
-514
-526
-518
-499
-469
-448
-427
-406
-388
-374
-365
-354
-350
-348
-344
-342
-339
-336
-334
-334
-332
-330
-324
-320
-325
-328
-329
-329
-336
-340
-348
-359
-374
-390
-405
-414
-430
-438
-357
-259
-240
-244
-267
-299
-331
-376
-431
-464
-496
-527
-561
-597
-636
-666
-684
-689
-684
-685
-672
-655
-628
-600
-573
-541
-510
-476
-438
-411
-381
-350
-318
-295
-277
-266
-262
-258
-255
-256
-258
-260
-269
-274
-277
-275
-277
-282
-288
-293
-298
-303
-304
-310
-328
-357
-383
-409
-422
-435
-447
-456
-464
-471
-470
-455
-435
-414
-391
-373
-358
-346
-333
-326
-316
-309
-302
-294
-288
-278
-275
-271
-264
-266
-264
-273
-283
-291
-299
-302
-302
-314
-318
-334
-342
-359
-376
-390
-404
-406
-311
-214
-186
-190
-207
-236
-268
-317
-365
-397
-423
-446
-466
-493
-517
-541
-551
-559
-555
-551
-537
-510
-482
-445
-412
-375
-342
-315
-288
-265
-246
-224
-203
-185
-175
-169
-167
-169
-172
-176
-183
-192
-200
-214
-222
-232
-237
-244
-248
-246
-240
-241
-237
-243
-264
-291
-325
-359
-388
-414
-435
-443
-452
-458
-457
-439
-419
-393
-376
-362
-358
-351
-350
-348
-349
-342
-343
-341
-331
-328
-324
-314
-300
-283
-268
-262
-265
-263
-262
-270
-277
-283
-298
-318
-344
-369
-397
-419
-437
-440
-329
-273
-267
-270
-285
-307
-318
-334
-399
-440
-463
-486
-516
-547
-580
-604
-626
-638
-646
-646
-642
-637
-622
-602
-579
-549
-524
-493
-466
-436
-411
-384
-348
-318
-296
-280
-271
-266
-258
-252
-246
-251
-254
-262
-270
-275
-285
-294
-303
-310
-313
-317
-319
-328
-353
-390
-423
-455
-487
-510
-527
-542
-555
-569
-567
-555
-531
-509
-487
-469
-454
-439
-428
-413
-398
-384
-366
-360
-351
-351
-348
-345
-345
-345
-335
-337
-339
-344
-343
-347
-351
-352
-359
-372
-381
-392
-405
-418
-435
-391
-274
-243
-237
-237
-257
-281
-297
-307
-351
-427
-462
-482
-503
-520
-539
-551
-565
-583
-595
-601
-599
-595
-579
-558
-539
-514
-482
-448
-416
-376
-340
-302
-264
-229
-198
-180
-161
-153
-144
-142
-139
-144
-144
-154
-153
-158
-165
-168
-169
-169
-168
-164
-163
-160
-175
-208
-241
-272
-301
-327
-355
-371
-390
-402
-404
-386
-365
-335
-307
-287
-266
-251
-240
-224
-218
-206
-197
-190
-180
-178
-180
-181
-191
-196
-200
-206
-212
-208
-206
-209
-212
-223
-231
-243
-257
-268
-281
-188
-83
-73
-61
-54
-48
-48
-47
-48
-57
-66
-69
-75
-82
-87
-88
-92
-95
-204
-251
-238
-226
-216
-214
-218
-224
-241
-253
-248
-244
-232
-215
-192
-164
-133
-94
-64
-41
-27
-18
-15
-14
-20
-23
-28
-35
-38
-43
-48
-54
-53
-53
-47
-39
-25
-5
12
25
110
291
352
400
440
471
491
508
522
538
550
562
574
582
584
582
569
548
527
506
478
457
436
426
411
394
384
373
374
378
373
364
361
360
360
365
366
362
359
349
338
326
310
293
279
262
248
236
216
171
111
52
-6
-50
-94
-124
-140
-144
-147
-137
-117
-89
-60
-34
-20
-4
9
20
32
45
65
77
97
108
127
140
159
186
216
245
261
274
293
315
333
348
365
366
372
378
363
291
213
176
165
157
149
132
100
51
-25
-108
-188
-243
-284
-313
-332
-340
-340
-332
-312
-283
-250
-224
-199
-186
-173
-166
-159
-159
-156
-154
-154
-156
-164
-182
-195
-207
-201
-190
-178
-170
-156
-146
-145
-133
-136
-140
-101
47
75
76
80
82
83
98
121
141
152
136
113
85
57
30
3
-9
-21
-32
-37
-33
-18
9
33
55
76
93
91
-45
-63
-60
-64
-70
-82
-95
-103
-118
-115
-98
-77
-54
-42
-33
-22
-12
-8
-6
-9
-13
-19
-27
-20
-14
-10
-11
-13
-16
-20
-22
-22
-44
-70
-101
-130
-148
-167
-184
-192
-199
-201
-202
-190
-167
-143
-118
-94
-79
-60
-56
-46
-41
-40
-36
-39
-38
-41
-44
-46
-41
-32
-22
-18
-13
-22
-22
-17
-20
-23
-25
-28
-38
80
177
185
181
177
177
185
199
221
223
203
180
155
131
109
82
66
54
45
39
50
70
86
105
79
-47
-67
-75
-83
-95
-112
-126
-151
-169
-175
-171
-157
-134
-116
-104
-94
-85
-86
-83
-92
-97
-106
-116
-121
-127
-127
-128
-135
-134
-129
-128
-117
-112
-105
-116
-140
-171
-200
-221
-244
-261
-274
-284
-287
-283
-278
-254
-237
-211
-192
-174
-160
-143
-132
-124
-118
-115
-110
-111
-108
-110
-111
-112
-109
-104
-98
-104
-105
-108
-106
-107
-105
-110
-114
-126
-135
-144
-152
-152
-67
36
49
55
54
41
21
10
4
0
-19
-120
-161
-176
-194
-210
-217
-225
-233
-258
-278
-285
-295
-290
-279
-264
-244
-223
-199
-177
-154
-126
-101
-68
-39
-9
8
25
34
44
54
62
66
61
59
54
51
48
47
45
42
41
36
33
26
10
-15
-47
-75
-106
-128
-150
-166
-179
-183
-182
-171
-144
-120
-99
-82
-66
-53
-48
-43
-37
-36
-35
-35
-34
-40
-41
-47
-56
-56
-58
-65
-76
-89
-101
-100
-105
-110
-117
-123
-139
-147
-166
-183
-202
-222
-237
-253
-269
-287
-314
-351
-397
-434
-463
-491
-507
-514
-521
-526
-518
-510
-483
-451
-417
-387
-350
-320
-289
-255
-226
-196
-167
-138
-115
-89
-64
-36
-6
22
43
58
58
59
57
56
50
44
32
30
20
17
13
5
1
-2
-4
-4
0
0
-14
-39
-68
-102
-133
-164
-192
-215
-232
-252
-253
-247
-230
-210
-183
-163
-143
-128
-113
-102
-100
-90
-86
-82
-81
-83
-81
-83
-80
-71
-63
-62
-66
-74
-74
-77
-82
-93
-107
-121
-133
-148
-164
-180
-202
-218
-229
-242
-248
-252
-277
-308
-342
-379
-405
-437
-456
-476
-487
-499
-502
-485
-457
-427
-397
-365
-338
-308
-287
-259
-243
-220
-204
-179
-159
-133
-111
-79
-45
-13
17
32
42
45
53
56
52
46
32
21
7
0
-13
-23
-27
-30
-34
-36
-37
-37
-53
-81
-115
-153
-184
-212
-235
-255
-267
-279
-281
-267
-239
-206
-173
-145
-116
-93
-78
-71
-69
-72
-78
-86
-99
-108
-121
-127
-139
-149
-155
-167
-188
-199
-213
-229
-236
-244
-251
-256
-259
-263
-264
-266
-268
-275
-269
-274
-279
-282
-297
-318
-348
-372
-391
-398
-399
-395
-385
-384
-377
-354
-319
-284
-250
-220
-191
-165
-144
-120
-99
-79
-57
-30
-9
9
28
50
74
92
111
118
123
121
132
137
133
130
125
116
111
107
107
114
118
128
128
129
132
129
113
81
47
12
-21
-50
-73
-90
-106
-118
-122
-108
-89
-70
-51
-33
-22
-10
4
15
23
32
34
37
43
38
36
32
31
34
41
40
38
34
31
33
30
25
15
-1
-15
-34
-52
-73
-92
-108
-118
-96
7
78
87
66
27
-14
-52
-95
-141
-196
-253
-308
-349
-379
-385
-387
-387
-387
-380
-366
-346
-321
-291
-264
-236
-206
-174
-140
-106
-77
-39
-8
21
30
44
50
55
60
60
58
50
43
36
27
20
7
5
1
3
14
30
56
73
71
71
70
70
76
85
94
110
128
149
185
228
274
310
344
372
400
419
437
454
467
481
490
499
504
511
524
535
552
565
584
592
595
603
610
622
626
629
628
621
610
604
587
581
590
746
823
846
852
851
838
819
808
799
736
685
666
655
653
645
643
634
614
594
584
569
563
564
575
590
611
637
665
695
733
775
826
868
917
953
981
997
1008
1016
1018
1019
1013
1001
989
978
964
950
938
926
914
906
900
899
896
886
866
835
805
786
758
745
729
721
706
705
720
737
759
779
795
812
822
832
837
844
849
852
854
855
857
854
848
846
849
855
855
852
850
852
854
856
852
845
840
830
816
804
791
777
786
931
1013
1022
1025
1016
997
977
963
951
887
830
800
777
757
730
711
693
666
644
630
620
614
622
632
654
679
706
738
769
799
827
851
882
907
934
945
952
958
962
966
969
969
970
965
965
960
948
942
930
924
917
917
915
917
908
888
860
834
812
796
782
774
768
764
759
768
789
813
838
854
870
875
880
888
885
889
896
903
907
914
916
915
924
935
947
959
962
958
967
974
979
977
973
962
949
938
924
910
901
904
1051
1143
1160
1170
1160
1143
1121
1112
1100
1036
986
958
938
917
898
878
865
839
818
804
794
790
792
802
819
836
860
887
916
940
961
981
1005
1027
1046
1058
1062
1061
1057
1056
1050
1041
1032
1021
1015
1016
1009
1006
1005
1004
1007
1016
1018
1018
1002
977
943
906
872
852
829
813
800
787
784
791
808
827
845
860
873
881
882
868
859
835
806
778
747
715
692
661
634
611
596
583
562
548
540
532
523
511
499
485
468
449
431
407
386
378
500
574
571
561
533
498
461
439
425
359
295
262
245
227
207
188
175
148
124
108
94
92
99
114
130
151
172
196
220
245
267
295
326
357
378
389
390
393
391
389
391
385
375
364
353
339
330
320
313
310
303
299
303
304
296
279
257
235
209
184
166
153
142
130
126
139
160
188
223
251
272
298
311
328
333
341
335
338
333
327
321
313
314
307
308
308
294
288
282
278
275
269
264
255
243
228
214
195
170
177
305
355
348
341
328
300
276
260
257
227
137
89
74
53
33
24
11
0
-21
-41
-57
-70
-71
-68
-59
-42
-24
-2
20
40
68
93
124
155
180
198
209
214
218
213
212
203
192
178
168
157
146
135
119
107
96
88
80
73
58
35
-5
-34
-59
-85
-105
-119
-133
-140
-144
-137
-117
-94
-76
-62
-43
-28
-21
-16
-13
-9
-6
-12
-12
-16
-20
-20
-22
-21
-17
-8
-7
-14
-17
-14
-11
-8
-11
-21
-36
-56
-77
-100
-111
-87
42
65
72
61
50
26
3
-11
-9
-6
-65
-145
-175
-188
-198
-207
-211
-211
-230
-246
-264
-267
-264
-254
-237
-215
-194
-171
-143
-118
-99
-80
-58
-39
-25
-22
-19
-17
-20
-24
-21
-32
-36
-48
-56
-65
-76
-88
-102
-115
-128
-140
-148
-152
-164
-184
-215
-248
-276
-309
-335
-358
-378
-395
-407
-407
-396
-384
-368
-357
-344
-337
-325
-320
-310
-303
-294
-291
-295
-295
-300
-307
-309
-310
-307
-310
-316
-320
-325
-324
-320
-323
-327
-333
-340
-347
-359
-369
-375
-326
-211
-181
-183
-189
-203
-224
-245
-261
-263
-256
-285
-387
-437
-453
-461
-468
-470
-469
-483
-502
-523
-539
-548
-548
-535
-520
-499
-475
-447
-421
-396
-371
-343
-315
-293
-272
-263
-265
-255
-257
-260
-270
-278
-289
-297
-306
-310
-319
-327
-329
-335
-339
-340
-345
-362
-391
-422
-454
-478
-501
-518
-532
-541
-555
-563
-558
-539
-518
-499
-479
-466
-457
-454
-449
-443
-445
-444
-445
-442
-445
-447
-446
-450
-447
-437
-431
-435
-446
-448
-456
-461
-469
-482
-499
-512
-531
-552
-572
-583
-556
-435
-404
-403
-406
-421
-449
-467
-478
-481
-481
-511
-612
-661
-670
-687
-691
-692
-687
-696
-710
-718
-720
-719
-700
-682
-653
-620
-587
-555
-520
-490
-462
-433
-408
-386
-376
-378
-383
-388
-390
-399
-408
-425
-434
-448
-460
-468
-478
-482
-487
-486
-485
-482
-473
-474
-489
-509
-529
-553
-574
-594
-611
-630
-648
-658
-660
-644
-622
-602
-590
-585
-572
-574
-573
-574
-573
-575
-574
-577
-585
-588
-589
-590
-587
-586
-585
-591
-591
-594
-589
-588
-583
-587
-588
-596
-602
-618
-626
-638
-623
-492
-433
-420
-412
-411
-428
-446
-458
-461
-469
-547
-638
-680
-707
-731
-748
-754
-760
-775
-798
-813
-821
-824
-811
-800
-784
-758
-734
-707
-678
-655
-626
-598
-571
-546
-524
-516
-517
-512
-515
-516
-521
-532
-544
-555
-561
-576
-585
-594
-605
-616
-624
-628
-636
-653
-677
-709
-736
-767
-793
-813
-831
-842
-859
-863
-856
-843
-818
-802
-786
-773
-768
-762
-760
-758
-765
-768
-774
-783
-792
-803
-810
-822
-825
-830
-832
-838
-851
-854
-856
-857
-861
-866
-875
-884
-895
-911
-925
-940
-947
-842
-778
-772
-779
-794
-814
-836
-854
-854
-870
-968
-1033
-1063
-1089
-1114
-1136
-1156
-1169
-1196
-1225
-1243
-1257
-1262
-1262
-1253
-1240
-1227
-1210
-1193
-1178
-1154
-1137
-1108
-1077
-1052
-1031
-1020
-1015
-1012
-1007
-1008
-1009
-1023
-1032
-1045
-1059
-1066
-1077
-1087
-1096
-1101
-1108
-1104
-1100
-1102
-1117
-1142
-1164
-1187
-1205
-1222
-1223
-1230
-1228
-1216
-1204
-1172
-1138
-1106
-1074
-1045
-1016
-992
-972
-956
-944
-932
-921
-912
-907
-903
-902
-894
-890
-882
-870
-865
-860
-858
-851
-845
-837
-826
-820
-817
-812
-812
-815
-816
-823
-739
-638
-620
-613
-615
-629
-646
-657
-656
-707
-773
-803
-820
-832
-852
-866
-866
-873
-890
-900
-901
-902
-887
-867
-851
-826
-802
-770
-742
-705
-669
-634
-600
-562
-532
-505
-495
-478
-460
-446
-430
-426
-424
-428
-436
-446
-459
-474
-484
-505
-512
-511
-516
-518
-534
-565
-606
-646
-685
-716
-739
-758
-778
-789
-800
-792
-773
-750
-723
-702
-683
-663
-653
-639
-632
-629
-628
-630
-630
-631
-632
-632
-628
-625
-613
-606
-600
-599
-598
-598
-593
-590
-590
-591
-594
-601
-606
-614
-624
-633
-589
-474
-431
-427
-432
-450
-474
-489
-515
-576
-615
-634
-651
-678
-704
-731
-750
-769
-778
-786
-786
-780
-770
-752
-724
-702
-673
-646
-616
-582
-552
-521
-489
-458
-430
-411
-398
-390
-376
-373
-369
-364
-361
-363
-363
-365
-367
-371
-376
-375
-377
-371
-368
-362
-364
-380
-407
-442
-476
-506
-522
-536
-549
-550
-554
-536
-510
-482
-455
-431
-412
-394
-382
-364
-355
-349
-351
-345
-350
-356
-362
-372
-373
-375
-374
-363
-362
-364
-361
-356
-352
-351
-345
-344
-348
-353
-363
-384
-396
-411
-406
-293
-230
-220
-231
-262
-294
-325
-379
-429
-458
-478
-496
-522
-550
-571
-596
-603
-606
-612
-606
-596
-582
-565
-540
-514
-485
-462
-428
-398
-370
-335
-302
-270
-248
-227
-218
-206
-202
-197
-192
-193
-198
-201
-208
-217
-222
-226
-233
-240
-243
-247
-246
-251
-264
-291
-324
-356
-387
-416
-437
-453
-464
-477
-479
-478
-457
-432
-414
-396
-378
-371
-363
-353
-350
-348
-343
-342
-340
-338
-336
-339
-336
-329
-319
-312
-308
-307
-308
-301
-293
-292
-285
-285
-283
-288
-291
-310
-319
-332
-321
-203
-139
-139
-140
-167
-197
-224
-268
-318
-351
-371
-396
-418
-442
-465
-487
-503
-512
-518
-520
-518
-508
-494
-476
-459
-434
-408
-383
-356
-329
-304
-268
-240
-211
-183
-173
-164
-155
-144
-134
-125
-113
-99
-90
-84
-81
-82
-88
-106
-120
-131
-138
-148
-160
-190
-227
-267
-301
-335
-365
-387
-403
-414
-421
-413
-392
-367
-346
-324
-306
-288
-279
-269
-260
-256
-247
-242
-236
-235
-236
-238
-239
-246
-242
-238
-239
-244
-244
-246
-250
-251
-246
-248
-254
-264
-275
-290
-305
-316
-246
-137
-112
-112
-110
-123
-145
-152
-151
-152
-226
-277
-294
-303
-311
-319
-326
-332
-352
-370
-380
-383
-379
-363
-342
-318
-292
-268
-244
-216
-203
-178
-157
-132
-106
-93
-85
-95
-97
-99
-105
-105
-114
-122
-134
-145
-156
-166
-177
-189
-190
-191
-190
-192
-195
-219
-251
-279
-309
-333
-355
-373
-384
-401
-413
-418
-402
-380
-352
-329
-308
-290
-275
-263
-256
-253
-247
-246
-248
-252
-255
-260
-258
-250
-242
-220
-209
-202
-199
-193
-200
-206
-214
-228
-238
-253
-267
-282
-188
-94
-77
-75
-68
-66
-61
-58
-61
-63
-67
-74
-87
-94
-100
-104
-105
-147
-255
-267
-253
-248
-246
-253
-264
-285
-310
-325
-325
-324
-313
-295
-271
-246
-215
-183
-153
-134
-120
-109
-100
-96
-94
-96
-100
-107
-114
-120
-126
-127
-131
-134
-139
-139
-139
-136
-140
-154
-186
-213
-243
-267
-284
-296
-290
-279
-261
-180
59
155
225
275
305
324
346
366
378
381
381
375
359
347
333
317
298
285
278
276
266
262
254
256
262
268
265
263
253
237
220
198
174
152
133
111
92
78
71
78
90
111
132
149
161
174
180
188
195
205
232
261
288
306
325
337
349
353
359
360
365
370
380
394
412
430
456
491
514
537
548
551
555
553
550
545
538
492
404
331
301
292
287
278
263
243
205
149
91
22
-47
-112
-167
-216
-255
-285
-308
-327
-340
-343
-330
-306
-283
-268
-246
-234
-221
-212
-204
-194
-188
-185
-182
-185
-184
-194
-202
-208
-207
-204
-212
-220
-230
-235
-239
-242
-244
-246
-249
-188
-50
-32
-33
-38
-38
-36
-27
-14
-4
-22
-53
-87
-122
-143
-171
-183
-200
-217
-219
-215
-190
-161
-127
-106
-89
-231
-270
-278
-281
-293
-302
-312
-329
-350
-354
-348
-333
-315
-293
-279
-270
-269
-271
-274
-276
-276
-280
-286
-290
-296
-290
-293
-293
-293
-297
-295
-294
-294
-295
-312
-337
-370
-406
-434
-464
-489
-515
-531
-545
-544
-527
-495
-472
-443
-422
-408
-399
-390
-380
-375
-359
-335
-307
-283
-263
-242
-233
-220
-212
-202
-200
-210
-216
-219
-217
-211
-206
-208
-214
-227
-230
-116
-27
-19
-18
-16
-9
-2
21
33
36
29
17
1
-14
-29
-41
-55
-61
-56
-40
-20
-112
-185
-191
-199
-208
-222
-249
-270
-305
-324
-332
-326
-313
-295
-272
-247
-225
-208
-201
-205
-207
-208
-215
-226
-238
-255
-266
-277
-286
-295
-304
-315
-322
-328
-326
-325
-327
-346
-376
-415
-441
-467
-490
-512
-527
-539
-549
-544
-524
-496
-467
-436
-411
-387
-375
-362
-352
-349
-343
-335
-340
-344
-352
-365
-373
-377
-373
-368
-358
-359
-354
-348
-339
-330
-326
-320
-318
-318
-325
-313
-167
-108
-94
-89
-84
-78
-64
-55
-58
-67
-78
-89
-106
-118
-132
-144
-152
-155
-228
-304
-313
-303
-304
-315
-333
-353
-387
-407
-414
-409
-403
-383
-366
-342
-319
-295
-270
-256
-249
-251
-249
-247
-251
-250
-254
-260
-260
-265
-270
-280
-285
-294
-298
-296
-296
-292
-297
-308
-338
-366
-404
-427
-451
-468
-492
-510
-526
-533
-521
-499
-472
-451
-422
-403
-386
-369
-363
-366
-366
-365
-364
-368
-374
-374
-377
-382
-379
-374
-388
-418
-450
-481
-511
-531
-556
-577
-596
-611
-633
-652
-672
-688
-707
-720
-740
-757
-781
-816
-859
-903
-941
-974
-996
-1024
-1041
-1057
-1066
-1060
-1042
-1011
-975
-943
-908
-872
-838
-806
-780
-754
-728
-698
-668
-638
-608
-582
-546
-517
-491
-473
-461
-458
-456
-453
-452
-458
-460
-471
-475
-476
-475
-473
-475
-480
-483
-488
-486
-494
-506
-529
-563
-597
-637
-675
-703
-734
-760
-777
-786
-790
-773
-750
-721
-699
-677
-661
-645
-635
-627
-618
-613
-610
-611
-612
-610
-613
-612
-601
-590
-574
-564
-557
-552
-555
-556
-562
-574
-586
-601
-624
-649
-673
-698
-727
-749
-768
-788
-802
-819
-843
-878
-914
-946
-975
-995
-1011
-1021
-1030
-1031
-1021
-999
-964
-926
-892
-858
-823
-792
-765
-741
-718
-699
-678
-657
-640
-623
-598
-575
-550
-520
-509
-496
-492
-487
-479
-474
-466
-472
-476
-479
-486
-486
-493
-500
-504
-508
-509
-505
-502
-501
-516
-542
-571
-606
-635
-661
-683
-703
-723
-732
-735
-722
-699
-676
-656
-636
-625
-616
-611
-606
-601
-604
-602
-601
-604
-601
-605
-607
-610
-613
-613
-627
-640
-659
-676
-701
-720
-738
-758
-775
-790
-803
-815
-823
-828
-829
-825
-820
-815
-814
-826
-847
-868
-883
-892
-897
-895
-888
-888
-882
-866
-832
-792
-753
-720
-686
-658
-636
-616
-600
-584
-568
-546
-525
-503
-482
-454
-425
-391
-363
-340
-326
-320
-320
-316
-320
-324
-329
-336
-345
-349
-352
-357
-357
-350
-349
-344
-340
-329
-330
-346
-370
-399
-431
-461
-485
-505
-522
-530
-542
-539
-526
-502
-480
-458
-436
-421
-406
-396
-388
-380
-375
-374
-368
-366
-362
-360
-364
-362
-366
-363
-365
-376
-383
-390
-398
-409
-423
-437
-454
-471
-486
-497
-520
-548
-564
-508
-417
-406
-423
-447
-483
-515
-530
-552
-614
-652
-665
-678
-691
-698
-689
-684
-686
-684
-676
-669
-657
-646
-635
-624
-609
-592
-576
-563
-548
-534
-516
-502
-486
-479
-476
-482
-486
-493
-497
-510
-523
-538
-545
-557
-564
-566
-568
-571
-572
-568
-571
-567
-572
-589
-627
-661
-696
-727
-750
-767
-784
-799
-808
-809
-791
-764
-740
-710
-686
-667
-650
-634
-622
-608
-601
-594
-590
-584
-586
-590
-594
-597
-598
-597
-603
-613
-622
-627
-632
-635
-638
-638
-639
-649
-655
-672
-680
-616
-520
-492
-493
-495
-499
-520
-534
-548
-552
-557
-561
-567
-572
-592
-707
-786
-789
-774
-756
-749
-752
-761
-787
-808
-813
-810
-798
-783
-758
-734
-710
-684
-658
-627
-598
-582
-566
-562
-557
-554
-560
-567
-578
-585
-597
-604
-616
-623
-632
-638
-637
-634
-634
-629
-630
-647
-674
-706
-735
-762
-787
-806
-821
-838
-848
-855
-840
-820
-795
-774
-757
-742
-729
-719
-710
-706
-698
-697
-687
-681
-677
-669
-664
-658
-651
-643
-640
-646
-648
-652
-656
-663
-669
-672
-682
-693
-706
-722
-737
-721
-615
-551
-549
-545
-545
-555
-570
-572
-572
-564
-557
-559
-580
-694
-752
-773
-775
-768
-763
-770
-781
-805
-830
-853
-857
-854
-840
-825
-807
-781
-753
-724
-693
-656
-627
-599
-585
-576
-569
-562
-560
-557
-564
-571
-587
-602
-607
-617
-624
-632
-639
-644
-646
-653
-658
-679
-710
-746
-777
-806
-833
-850
-856
-858
-853
-842
-813
-772
-733
-699
-665
-645
-629
-619
-621
-617
-620
-630
-636
-640
-640
-642
-649
-646
-642
-629
-626
-623
-628
-615
-609
-606
-601
-601
-610
-618
-632
-646
-661
-678
-636
-526
-498
-501
-501
-516
-543
-559
-565
-559
-563
-629
-709
-732
-746
-749
-744
-731
-731
-737
-751
-758
-762
-758
-749
-742
-731
-716
-699
-679
-653
-630
-602
-569
-538
-515
-499
-494
-488
-486
-482
-487
-490
-500
-510
-519
-527
-540
-552
-566
-574
-583
-591
-590
-596
-614
-639
-666
-697
-723
-742
-758
-773
-784
-789
-790
-769
-745
-719
-696
-680
-661
-649
-636
-632
-633
-637
-644
-647
-653
-655
-659
-661
-664
-661
-659
-661
-666
-675
-670
-669
-669
-668
-668
-671
-679
-686
-695
-712
-718
-728
-708
-594
-508
-469
-443
-429
-425
-429
-454
-464
-477
-488
-507
-533
-551
-574
-576
-571
-556
-535
-518
-491
-464
-436
-404
-373
-337
-301
-265
-229
-196
-164
-125
-81
-48
-23
-5
10
24
40
39
38
27
16
8
3
1
-6
-10
-18
-23
-32
-43
-52
-77
-106
-133
-155
-177
-196
-208
-224
-236
-251
-262
-254
-236
-219
-198
-185
-174
-168
-160
-158
-161
-165
-166
-169
-175
-176
-183
-188
-190
-196
-192
-196
-200
-201
-204
-210
-214
-224
-235
-247
-258
-269
-279
-288
-299
-306
-316
-316
-269
-174
-145
-152
-184
-229
-283
-338
-409
-462
-498
-525
-536
-530
-509
-485
-461
-440
-418
-404
-387
-372
-356
-343
-322
-300
-283
-254
-233
-206
-184
-158
-138
-123
-115
-107
-103
-98
-94
-95
-97
-102
-100
-102
-101
-102
-100
-95
-92
-96
-106
-119
-140
-174
-211
-246
-283
-306
-331
-349
-371
-383
-387
-380
-358
-332
-304
-274
-252
-230
-228
-237
-253
-259
-269
-285
-311
-341
-368
-390
-410
-419
-429
-438
-449
-466
-473
-487
-486
-493
-492
-492
-490
-491
-493
-501
-513
-531
-546
-521
-432
-391
-401
-434
-477
-517
-550
-579
-616
-653
-695
-745
-784
-806
-809
-807
-800
-793
-790
-778
-762
-736
-711
-675
-645
-611
-583
-549
-518
-487
-452
-421
-394
-378
-369
-365
-354
-353
-351
-346
-355
-360
-364
-364
-373
-376
-380
-387
-388
-388
-384
-385
-394
-416
-441
-468
-490
-512
-525
-536
-537
-538
-527
-509
-485
-458
-443
-420
-410
-398
-391
-384
-383
-383
-385
-386
-389
-389
-391
-400
-401
-396
-395
-393
-401
-403
-407
-404
-409
-411
-422
-435
-449
-465
-476
-492
-507
-521
-506
-398
-342
