-106
-102
-101
-98
-92
-86
-77
-74
-63
-75
-88
-103
-115
-122
-127
-128
-123
-112
-96
-79
-54
-25
-3
26
51
80
109
131
154
170
188
204
218
225
231
230
221
214
201
193
180
165
158
149
141
141
138
144
154
166
177
186
197
199
204
206
208
202
192
176
150
124
96
72
55
37
18
8
-1
-11
-17
-22
-31
-37
-47
-60
-70
-72
-76
-77
-71
-63
-53
-39
-22
-18
-16
-13
-23
-37
-42
-55
-67
-72
-77
-82
-93
-106
-116
-129
-140
-148
-157
-166
-173
-179
-177
-184
-195
-217
-240
-262
-287
-294
-304
-302
-297
-281
-262
-236
-208
-178
-144
-114
-80
-52
-22
9
30
54
77
97
111
126
136
140
140
139
139
134
132
127
122
116
116
109
112
108
117
128
141
157
168
176
182
188
190
191
185
173
154
132
115
97
81
72
59
52
45
36
28
26
21
18
13
10
12
16
21
30
32
45
56
77
92
99
104
106
99
91
84
69
57
38
17
-6
-26
-46
-56
-61
-56
-61
-54
-51
-46
-41
-38
-31
-28
-35
-50
-72
-85
-102
-114
-122
-119
-112
-100
-81
-59
-30
-4
25
56
82
115
137
157
170
186
198
213
226
239
250
256
258
258
251
248
240
226
220
210
205
192
187
188
193
194
197
195
197
201
204
203
199
194
173
144
116
85
58
40
24
16
5
5
3
-1
-2
-4
-6
-8
-14
-17
-19
-13
-18
-18
-20
-16
-12
-7
-11
-9
-13
-17
-27
-32
-45
-59
-76
-102
-120
-148
-173
-195
-197
-195
-196
-191
-182
-170
-161
-148
-142
-136
-152
-170
-190
-207
-212
-211
-210
-201
-192
-177
-164
-143
-120
-104
-77
-57
-30
-1
27
59
81
104
126
141
160
182
192
197
203
207
210
205
203
204
201
193
189
179
164
161
165
174
183
189
199
210
215
214
216
209
202
178
154
124
100
76
56
43
31
27
27
26
26
29
34
30
33
37
37
46
50
58
68
76
88
101
106
108
107
97
90
73
55
32
22
5
-9
-23
-35
-26
-21
-5
9
14
26
31
34
35
34
25
3
-26
-50
-77
-92
-106
-108
-104
-88
-65
-46
-20
6
24
50
74
103
130
156
183
204
220
245
263
279
292
304
306
305
306
300
290
291
286
283
280
274
271
270
268
271
280
288
290
297
299
306
307
304
301
284
260
235
211
189
169
157
149
135
136
118
108
95
78
58
44
25
11
3
-2
-6
-6
-4
9
19
32
34
36
33
27
10
-6
-21
-41
-64
-93
-117
-138
-167
-185
-190
-197
-188
-182
-169
-160
-147
-145
-134
-130
-136
-146
-160
-169
-173
-174
-171
-157
-144
-126
-110
-86
-59
-30
1
26
57
93
120
147
166
186
208
225
240
253
257
259
262
263
261
258
256
254
258
258
259
253
244
250
262
265
275
279
293
295
295
302
301
300
286
261
244
218
197
183
166
158
147
133
125
119
112
108
103
96
94
93
87
85
85
86
94
97
115
121
128
130
123
115
99
83
64
43
19
1
-19
-45
-68
-74
-78
-73
-66
-65
-62
-64
-66
-69
-69
-70
-90
-110
-125
-146
-162
-168
-165
-156
-137
-118
-93
-65
-38
-10
17
41
63
88
117
144
162
184
207
222
243
259
265
268
268
269
261
251
245
237
226
221
220
216
209
213
221
238
248
260
269
278
288
290
296
296
290
273
255
233
211
199
185
173
167
161
150
149
151
154
153
156
152
141
141
134
138
138
137
148
159
159
160
152
139
131
112
98
83
62
46
28
17
-8
-27
-42
-61
-76
-92
-99
-107
-112
-119
-122
-123
-119
-130
-140
-160
-176
-188
-194
-197
-199
-195
-186
-176
-156
-143
-121
-104
-78
-55
-30
-9
16
37
57
74
101
122
145
158
169
174
169
160
146
138
126
118
100
86
77
71
69
82
96
108
116
126
135
142
144
147
138
122
99
71
42
20
2
-16
-28
-31
-36
-35
-35
-34
-34
-42
-40
-34
-36
-29
-21
-8
-4
6
16
19
25
27
18
14
6
-6
-18
-34
-48
-69
-87
-109
-128
-150
-168
-173
-174
-175
-172
-165
-155
-150
-143
-139
-137
-148
-157
-176
-189
-197
-199
-195
-187
-172
-155
-136
-118
-96
-73
-50
-21
5
35
65
86
104
119
131
148
165
172
176
176
176
170
168
156
151
146
135
128
120
112
105
103
111
121
130
140
141
141
140
125
122
105
86
49
9
-34
-74
-109
-146
-173
-202
-224
-247
-265
-282
-294
-308
-318
-335
-344
-349
-356
-355
-358
-357
-345
-332
-319
-309
-308
-311
-326
-334
-347
-367
-384
-406
-435
-460
-493
-517
-539
-555
-565
-568
-571
-570
-564
-555
-547
-531
-528
-538
-555
-572
-591
-606
-615
-613
-606
-592
-575
-551
-530
-500
-481
-455
-432
-397
-364
-334
-310
-290
-267
-250
-236
-218
-207
-196
-195
-195
-195
-198
-202
-206
-213
-217
-222
-228
-240
-245
-240
-231
-225
-213
-205
-195
-186
-175
-167
-166
-156
-165
-178
-195
-212
-220
-235
-243
-254
-267
-273
-280
-294
-303
-311
-312
-319
-322
-328
-333
-335
-332
-330
-326
-315
-303
-294
-291
-290
-301
-307
-325
-340
-363
-382
-406
-429
-452
-478
-502
-519
-530
-531
-528
-516
-505
-490
-472
-457
-447
-443
-461
-478
-501
-522
-538
-547
-550
-545
-537
-524
-506
-486
-461
-441
-412
-390
-363
-330
-299
-275
-254
-229
-205
-180
-153
-129
-112
-97
-91
-84
-83
-86
-88
-94
-105
-114
-122
-136
-148
-157
-154
-142
-120
-99
-79
-63
-52
-44
-44
-48
-63
-86
-118
-151
-176
-197
-218
-231
-247
-266
-283
-303
-325
-344
-363
-377
-393
-407
-410
-418
-420
-422
-420
-415
-407
-396
-395
-398
-398
-404
-423
-439
-458
-475
-502
-525
-551
-572
-597
-610
-622
-631
-624
-615
-609
-598
-587
-578
-567
-560
-568
-579
-601
-616
-629
-635
-633
-627
-612
-603
-582
-566
-534
-509
-477
-449
-419
-387
-352
-328
-300
-280
-265
-241
-229
-209
-196
-184
-180
-175
-179
-181
-188
-194
-201
-206
-211
-214
-228
-222
-208
-199
-190
-184
-170
-157
-151
-144
-135
-132
-144
-158
-178
-202
-214
-226
-243
-251
-258
-267
-269
-272
-268
-276
-277
-281
-286
-285
-284
-271
-261
-252
-245
-232
-218
-207
-208
-212
-218
-234
-251
-273
-295
-324
-357
-386
-424
-459
-492
-526
-549
-563
-571
-572
-573
-564
-558
-552
-539
-534
-537
-552
-564
-576
-589
-591
-588
-579
-561
-549
-522
-500
-474
-441
-412
-376
-344
-311
-278
-258
-236
-219
-200
-187
-176
-162
-161
-162
-164
-165
-171
-172
-184
-189
-196
-211
-220
-230
-242
-246
-240
-229
-222
-214
-211
-207
-209
-204
-205
-205
-215
-231
-253
-275
-293
-312
-318
-324
-330
-332
-332
-330
-330
-329
-327
-330
-336
-335
-334
-332
-319
-304
-290
-269
-249
-230
-217
-218
-219
-220
-232
-248
-269
-286
-309
-332
-349
-376
-400
-425
-439
-448
-456
-463
-466
-469
-468
-470
-475
-473
-485
-509
-528
-549
-559
-563
-553
-542
-517
-486
-450
-408
-366
-327
-286
-251
-218
-190
-162
-139
-123
-107
-98
-87
-74
-63
-64
-64
-71
-75
-92
-97
-103
-111
-116
-124
-126
-130
-132
-125
-115
-97
-74
-55
-37
-20
-9
1
9
13
6
-12
-31
-54
-72
-88
-100
-109
-118
-123
-125
-128
-129
-127
-128
-124
-124
-117
-110
-103
-93
-83
-70
-52
-41
-31
-27
-24
-36
-44
-68
-88
-107
-131
-158
-181
-204
-234
-260
-284
-297
-298
-303
-300
-294
-288
-280
-270
-264
-267
-277
-302
-318
-337
-344
-354
-346
-336
-323
-300
-277
-255
-221
-191
-163
-132
-105
-74
-52
-30
-12
0
13
28
38
51
64
66
67
69
67
70
71
73
76
80
76
73
68
59
62
71
81
88
93
98
98
95
99
101
95
84
65
46
27
14
-3
-14
-23
-28
-30
-35
-29
-38
-40
-38
-38
-32
-23
-19
-10
4
17
35
58
69
78
83
80
71
53
33
17
-9
-34
-55
-78
-101
-124
-134
-140
-139
-135
-123
-113
-103
-90
-83
-73
-65
-71
-88
-104
-118
-132
-138
-134
-122
-114
-95
-79
-58
-36
-17
4
24
50
78
104
130
147
158
177
191
208
225
232
237
244
241
240
238
233
224
217
208
199
185
176
178
182
190
203
209
216
223
224
229
228
229
216
203
182
164
149
131
113
96
78
67
54
51
44
38
40
44
44
48
58
64
72
82
91
103
111
122
124
122
120
110
97
83
66
46
28
6
-14
-33
-53
-66
-72
-67
-64
-57
-48
-40
-34
-29
-19
-16
-31
-50
-74
-99
-114
-124
-120
-118
-113
-96
-82
-54
-31
-8
17
51
76
107
140
170
190
208
227
246
270
294
312
322
327
327
325
318
308
298
285
270
259
249
233
230
236
246
259
273
289
316
342
351
357
344
320
277
231
185
139
105
68
43
17
-8
-24
-46
-63
-81
-97
-112
-127
-137
-138
-141
-135
-126
-123
-110
-98
-89
-78
-73
-72
-77
-87
-100
-112
-132
-152
-171
-195
-221
-243
-261
-275
-277
-275
-269
-264
-254
-241
-230
-213
-203
-208
-226
-244
-261
-275
-283
-287
-289
-285
-277
-267
-258
-236
-218
-194
-163
-128
-87
-41
4
41
77
101
132
164
187
206
217
221
221
214
208
204
199
197
192
185
177
168
168
173
181
185
193
202
212
225
235
239
245
236
215
196
173
150
133
115
100
87
82
76
76
77
77
84
82
78
78
79
83
93
109
121
137
157
171
181
183
175
166
151
134
117
95
70
45
16
-10
-37
-64
-72
-79
-82
-84
-84
-80
-76
-76
-71
-59
-66
-80
-96
-120
-126
-135
-138
-141
-136
-127
-115
-98
-74
-48
-17
16
46
89
127
160
186
218
240
267
291
314
331
340
350
349
351
348
348
351
344
337
333
328
325
319
321
325
336
338
337
337
334
332
330
328
315
291
267
251
227
214
202
197
195
193
187
181
181
176
175
172
165
162
159
162
168
169
172
186
199
213
223
223
221
208
200
179
161
147
118
97
82
59
45
28
25
28
31
43
45
50
57
64
67
68
58
39
13
-6
-27
-43
-47
-53
-50
-39
-17
8
32
61
86
112
146
167
200
223
246
267
290
312
335
352
369
384
391
392
391
385
377
374
364
350
344
340
335
333
346
361
373
385
394
398
393
395
391
392
375
355
331
305
278
257
232
217
200
190
178
173
167
163
163
163
163
163
160
165
172
181
193
208
219
232
230
224
226
210
193
167
150
129
106
87
66
48
26
13
8
4
9
12
24
35
44
50
52
50
39
17
-10
-38
-54
-66
-75
-79
-65
-53
-36
-10
15
40
66
90
115
144
175
205
227
251
273
297
324
346
364
379
393
404
412
412
421
424
421
409
398
373
343
313
302
296
296
296
301
303
308
313
318
322
321
309
290
276
258
243
240
227
219
216
209
206
199
197
190
182
173
170
170
173
175
181
191
204
216
224
233
234
229
229
222
213
202
181
162
136
109
78
47
26
8
1
0
0
4
9
19
28
34
39
36
17
1
-11
-9
-8
2
8
23
40
59
79
105
132
160
189
221
256
302
333
365
386
408
417
426
432
432
428
418
413
399
378
365
342
332
316
303
293
285
284
290
303
321
333
346
355
364
367
371
372
366
350
326
307
290
278
264
258
250
248
244
249
250
249
258
260
259
258
266
270
277
283
288
296
299
301
295
289
272
256
234
209
187
165
141
123
100
73
48
35
28
31
36
46
50
57
63
71
77
97
98
97
85
74
67
58
58
54
61
70
88
112
134
164
196
228
261
301
337
370
404
430
454
473
492
501
508
511
512
504
497
494
486
485
472
467
461
464
459
448
450
459
481
504
520
541
560
577
598
610
613
594
574
552
538
524
509
498
485
471
454
440
434
420
404
388
373
366
362
360
358
359
367
378
390
390
389
383
368
347
325
303
283
264
239
209
179
143
114
86
62
59
53
52
53
58
54
61
58
57
38
7
-19
-41
-62
-73
-80
-83
-74
-62
-51
-31
-7
19
47
73
104
138
172
206
233
248
263
271
283
294
297
308
309
311
307
303
298
295
290
285
281
279
270
261
254
246
242
246
253
258
265
275
282
284
272
252
233
209
190
178
165
156
156
154
151
152
155
151
149
152
154
150
150
140
136
130
128
136
146
162
165
172
167
155
134
110
89
75
49
25
2
-20
-45
-65
-80
-88
-91
-90
-85
-86
-87
-83
-68
-52
-49
-56
-67
-86
-95
-101
-104
-98
-85
-72
-55
-27
-4
29
60
90
113
144
173
198
214
235
245
261
277
290
296
302
303
298
298
302
301
306
297
293
286
283
279
269
279
294
310
324
331
337
334
334
324
315
296
264
233
197
167
141
125
109
98
77
69
62
56
53
57
61
68
70
80
78
82
87
95
103
115
128
135
140
145
145
138
129
120
102
84
63
40
11
-16
-43
-55
-68
-76
-80
-80
-84
-92
-106
-116
-120
-135
-156
-180
-192
-205
-211
-208
-195
-188
-166
-144
-119
-95
-67
-39
-15
11
34
65
80
96
107
131
149
167
182
195
204
213
210
204
196
188
180
167
160
146
136
125
119
122
133
143
153
164
174
182
189
195
198
185
168
145
122
99
81
65
51
42
32
23
15
7
1
-7
-15
-29
-33
-38
-29
-20
-9
1
13
23
34
34
34
31
26
12
0
-16
-33
-53
-78
-107
-130
-162
-181
-197
-203
-200
-200
-189
-186
-181
-178
-171
-172
-176
-188
-203
-217
-232
-240
-248
-251
-251
-236
-215
-194
-171
-148
-134
-118
-89
-58
-26
3
31
54
78
99
123
146
168
178
190
189
194
193
193
190
190
186
180
173
166
159
160
158
152
155
155
146
126
100
71
38
2
-37
-72
-111
-139
-167
-190
-219
-246
-268
-284
-296
-304
-310
-308
-304
-306
-298
-295
-289
-279
-267
-253
-230
-209
-188
-174
-157
-157
-156
-161
-175
-192
-212
-236
-267
-295
-332
-366
-389
-405
-418
-418
-414
-411
-403
-394
-383
-373
-363
-372
-386
-410
-432
-442
-438
-437
-424
-406
-388
-364
-336
-311
-286
-257
-229
-206
-183
-158
-131
-109
-92
-72
-53
-31
-8
11
27
50
69
89
103
112
118
117
112
100
82
67
50
44
46
49
52
55
53
52
52
44
45
32
20
-1
-14
-28
-41
-49
-57
-62
-64
-75
-76
-78
-84
-87
-90
-90
-87
-86
-80
-68
-58
-49
-35
-26
-14
-14
-24
-48
-76
-102
-127
-150
-170
-191
-215
-243
-263
-286
-309
-327
-331
-338
-343
-343
-340
-334
-326
-310
-293
-285
-290
-298
-309
-317
-327
-327
-323
-314
-298
-283
-264
-244
-218
-192
-166
-136
-108
-71
-41
-24
-8
9
26
52
69
86
94
103
107
99
91
82
75
64
42
29
21
14
10
19
37
57
78
88
105
120
122
129
132
127
112
90
70
52
34
19
3
-8
-22
-32
-43
-52
-61
-63
-63
-68
-60
-52
-48
-38
-22
-11
5
22
39
53
60
54
55
45
28
19
6
-15
-37
-57
-83
-110
-135
-146
-152
-153
-153
-148
-140
-141
-135
-127
-127
-130
-156
-175
-199
-219
-223
-228
-226
-214
-196
-174
-154
-119
-89
-52
-17
17
50
83
117
138
157
175
187
204
214
223
228
231
226
215
210
203
198
190
182
173
166
148
137
135
145
155
170
185
193
204
209
208
212
209
195
174
158
138
123
113
103
88
86
80
77
71
69
77
71
74
77
82
90
95
106
114
133
151
169
186
198
206
206
196
177
159
141
117
98
84
62
39
26
2
-13
-30
-43
-47
-46
-41
-37
-34
-32
-41
-61
-84
-108
-126
-134
-135
-131
-122
-110
-93
-75
-51
-18
14
45
79
106
141
165
192
210
230
248
268
286
304
313
318
318
316
313
309
302
296
292
292
292
285
284
283
293
301
300
300
297
288
283
278
272
266
254
236
216
196
187
174
167
163
161
162
161
158
153
154
153
151
147
151
148
148
149
149
161
168
182
190
204
208
211
208
199
188
170
144
116
89
57
26
4
-11
-19
-20
-20
-25
-26
-25
-22
-27
-29
-36
-52
-71
-88
-100
-106
-105
-93
-81
-67
-45
-28
1
23
49
76
101
130
165
191
212
237
257
267
283
300
311
311
309
310
305
295
291
287
284
286
281
284
288
290
305
317
331
350
364
380
394
401
411
412
407
391
374
353
335
316
304
289
273
265
261
259
252
247
237
235
225
216
215
225
227
237
245
258
276
282
295
298
297
284
272
257
241
221
200
183
160
144
121
103
94
91
90
96
102
106
115
124
134
145
150
138
125
107
94
87
88
90
100
109
132
156
190
225
261
300
335
373
409
436
458
472
488
499
515
529
537
543
541
540
534
525
523
521
520
521
517
515
510
513
519
525
534
539
547
552
553
550
547
547
537
520
497
472
441
418
398
382
366
353
346
345
337
337
338
332
329
332
336
337
339
342
344
354
365
373
382
386
386
380
372
360
348
334
317
299
274
255
236
210
196
189
186
194
197
206
216
219
229
240
246
236
220
205
195
186
183
193
204
220
240
260
284
311
337
365
391
423
455
482
499
517
528
544
562
572
581
584
584
595
599
612
619
632
641
640
633
623
601
577
564
556
550
546
539
529
524
517
513
510
506
501
489
475
466
450
441
434
428
422
417
413
414
412
414
414
413
409
407
411
414
420
427
444
461
477
484
493
490
477
453
432
405
379
351
328
295
274
250
229
213
208
209
214
228
244
260
274
287
295
295
283
271
261
257
254
256
258
269
279
296
310
331
347
365
385
406
428
449
465
476
484
496
505
529
542
562
568
569
568
562
555
546
540
529
523
516
510
502
499
500
501
506
507
512
510
510
511
509
509
509
497
485
468
449
437
429
427
415
408
401
394
395
392
394
398
392
387
383
385
390
389
401
411
422
432
438
434
424
411
392
365
338
308
280
253
221
202
176
149
137
128
119
123
119
124
125
128
127
133
124
113
92
77
62
55
59
69
77
97
115
138
164
188
210
229
243
263
289
310
327
345
364
382
402
414
428
433
441
437
429
416
402
393
377
370
364
353
350
344
350
360
370
384
396
401
404
410
418
420
415
404
381
356
336
318
304
290
285
279
270
266
262
257
257
254
246
236
218
196
172
145
119
103
89
81
75
57
36
13
-13
-34
-67
-98
-131
-165
-200
-230
-260
-291
-304
-317
-315
-313
-316
-304
-300
-290
-279
-275
-276
-284
-302
-315
-326
-336
-336
-333
-322
-305
-288
-264
-239
-209
-178
-149
-119
-90
-57
-24
-3
17
40
58
76
94
107
107
109
106
100
90
83
75
62
54
44
33
23
18
21
26
32
43
54
59
69
75
82
88
88
82
67
49
34
22
6
-3
-15
-24
-29
-38
-43
-51
-55
-62
-64
-66
-63
-57
-46
-37
-27
-15
0
9
20
22
19
12
0
-13
-32
-51
-72
-94
-117
-138
-166
-190
-204
-206
-206
-206
-198
-183
-169
-156
-141
-125
-114
-112
-119
-129
-143
-151
-163
-172
-174
-176
-170
-155
-146
-129
-104
-85
-58
-25
11
45
78
110
136
153
177
192
205
214
219
218
216
217
216
214
207
201
194
182
174
170
173
183
201
212
226
233
239
245
253
252
258
235
205
162
121
85
53
23
-6
-24
-47
-61
-77
-88
-103
-107
-115
-118
-114
-113
-106
-98
-91
-79
-70
-62
-58
-60
-66
-79
-95
-116
-140
-157
-174
-201
-224
-247
-264
-282
-302
-308
-314
-312
-304
-295
-284
-276
-262
-256
-253
-259
-276
-297
-311
-326
-340
-346
-354
-343
-329
-315
-292
-272
-239
-211
-184
-153
-122
-91
-66
-39
-13
8
37
57
73
90
97
105
104
103
100
87
70
59
45
32
21
15
11
15
21
32
44
52
57
64
74
76
83
76
65
53
37
29
15
9
-5
-6
-14
-17
-21
-26
-28
-30
-28
-27
-28
-28
-25
-23
-13
-4
9
24
35
35
27
17
1
-16
-40
-63
-86
-115
-143
-170
-199
-228
-251
-262
-262
-260
-256
-246
-237
-227
-212
-197
-192
-200
-213
-231
-244
-258
-259
-257
-249
-230
-207
-187
-161
-134
-112
-84
-64
-42
-14
18
43
61
78
95
108
120
131
135
134
133
133
128
117
109
99
93
81
75
75
66
72
87
105
123
133
146
157
165
165
167
167
153
127
105
79
56
38
20
7
2
-7
-7
-11
-16
-21
-27
-27
-33
-33
-32
-29
-21
-18
-5
12
23
34
32
25
17
1
-18
-35
-53
-73
-93
-118
-141
-170
-192
-207
-211
-214
-203
-192
-169
-147
-128
-117
-100
-102
-115
-133
-158
-182
-198
-210
-209
-203
-188
-174
-151
-126
-103
-76
-44
-13
16
49
74
100
120
132
149
165
175
188
197
205
215
222
226
224
224
217
206
200
189
180
178
179
192
205
222
238
244
250
260
261
267
268
260
241
220
202
181
158
138
124
96
77
59
45
33
20
10
5
2
0
1
5
12
21
35
49
65
81
90
92
91
86
78
68
48
33
9
-14
-38
-68
-92
-108
-120
-112
-114
-106
-98
-89
-75
-61
-48
-42
-49
-66
-86
-102
-113
-113
-111
-101
-95
-79
-58
-27
6
40
70
100
118
137
149
149
147
144
140
138
146
138
138
132
125
115
106
97
87
79
68
57
52
42
37
38
48
60
66
79
83
87
89
96
98
98
86
68
42
25
0
-14
-25
-37
-39
-45
-44
-46
-48
-48
-47
-46
-47
-43
-40
-38
-34
-31
-22
-2
15
29
40
47
41
39
30
9
-2
-22
-42
-60
-83
-106
-125
-138
-138
-137
-132
-123
-115
-107
-98
-90
-76
-76
-89
-102
-119
-136
-146
-158
-168
-165
-168
-158
-145
-125
-102
-72
-38
-5
30
72
110
144
172
203
227
244
264
287
298
306
317
322
318
318
314
312
305
293
285
279
272
279
291
306
323
341
348
354
362
362
364
359
344
322
295
275
256
237
221
203
198
192
187
188
193
194
196
197
205
206
214
218
225
230
238
248
259
264
272
272
268
263
260
246
234
215
197
179
156
132
104
91
79
80
72
78
81
90
94
103
115
119
114
97
83
70
57
48
38
35
41
57
77
104
130
162
190
224
255
289
323
353
378
398
412
438
462
479
499
511
517
522
517
513
508
499
494
488
483
473
469
471
487
506
520
537
563
574
584
589
585
584
564
534
510
491
479
470
463
465
460
460
457
449
444
438
435
432
425
425
428
427
433
444
454
464
483
493
498
503
496
486
473
455
439
421
400
376
347
323
299
282
276
278
286
288
295
301
309
323
333
345
340
323
306
292
277
270
261
261
261
269
282
297
318
338
363
392
424
453
491
521
546
571
596
621
645
664
675
682
678
674
668
661
654
641
636
628
622
616
608
606
624
635
645
659
668
678
680
689
688
695
688
671
643
611
580
544
513
490
468
451
443
435
433
422
412
398
379
369
363
359
358
363
366
372
385
402
407
415
418
421
410
405
393
377
357
337
309
283
259
243
233
231
232
238
244
252
259
266
274
275
260
243
219
197
177
165
161
158
167
175
194
213
236
260
287
309
340
363
390
416
438
459
479
505
530
552
572
586
597
601
607
610
608
604
596
587
577
569
559
561
569
582
596
602
608
615
612
612
614
615
606
590
568
552
534
520
507
493
490
485
484
478
473
463
460
454
447
450
451
464
475
487
497
512
525
536
538
535
532
518
505
492
480
459
443
428
409
392
376
369
372
377
391
390
398
401
406
413
414
413
392
367
335
314
292
277
269
273
272
277
282
294
308
324
342
357
381
407
432
455
481
497
523
534
548
558
571
576
584
586
581
580
580
574
570
566
565
558
556
564
574
593
609
624
636
650
658
665
672
669
661
643
618
598
571
545
526
510
492
483
473
468
462
457
446
441
429
426
425
424
425
430
438
450
459
466
467
461
458
445
425
408
391
368
343
323
296
275
258
246
243
244
246
256
265
274
284
292
299
308
300
295
280
274
270
265
264
263
265
271
282
298
328
363
399
436
478
523
552
575
592
599
614
623
638
645
652
654
652
652
647
641
631
631
632
635
636
632
631
634
645
657
672
682
695
711
720
732
736
743
740
727
704
686
666
651
632
618
596
582
567
552
541
534
532
534
541
551
565
584
600
625
636
658
677
698
706
715
722
725
721
713
701
686
673
652
628
616
596
586
590
604
613
629
648
659
669
681
683
682
668
648
624
611
596
586
576
575
571
569
571
574
583
591
606
618
635
651
666
679
694
705
716
733
750
767
781
790
805
810
813
812
804
792
776
763
743
725
710
698
700
707
715
728
731
738
745
750
747
748
741
723
706
685
674
658
646
636
627
619
608
602
598
594
588
583
579
576
580
584
592
601
616
630
648
662
667
663
659
643
626
608
592
570
548
528
502
479
454
438
426
417
417
423
416
418
423
420
417
415
399
377
340
317
298
285
283
288
294
308
324
352
376
406
431
458
489
515
543
569
587
602
611
617
622
624
622
623
611
609
605
599
591
580
572
564
551
546
538
531
535
548
555
570
574
581
589
591
595
593
584
570
546
523
497
476
458
437
424
411
403
392
385
377
369
366
359
351
351
347
344
343
348
353
361
371
378
371
360
346
330
309
286
264
241
217
199
176
148
127
117
112
113
110
111
120
122
129
134
136
125
112
97
80
77
73
78
82
89
105
126
147
166
196
216
240
262
283
312
331
351
365
381
402
425
443
461
472
479
487
494
494
496
491
494
493
492
489
486
480
485
488
489
486
482
471
464
456
452
441
421
392
357
332
306
284
274
259
249
240
231
227
220
219
221
218
219
218
226
235
236
250
264
281
293
309
316
323
318
306
293
272
256
232
209
186
161
134
112
91
77
66
59
56
54
56
57
58
61
58
46
27
14
-3
-12
-16
-15
-5
6
21
37
60
85
111
134
158
185
215
244
259
275
290
299
316
325
344
358
364
366
372
372
373
372
371
366
360
360
349
342
339
347
353
363
378
387
404
417
426
436
440
437
420
407
387
375
362
347
333
327
322
322
308
300
296
286
283
275
276
279
282
286
291
303
312
326
339
350
354
352
344
338
323
311
302
278
258
233
208
180
164
160
160
154
157
161
163
164
168
168
164
149
123
96
71
61
43
39
40
49
58
74
88
105
121
138
158
174
196
219
244
262
278
298
316
333
346
357
364
372
372
373
371
367
365
361
362
359
361
361
364
390
414
435
451
472
482
488
487
480
466
446
417
381
357
332
313
302
292
283
278
266
263
260
262
260
257
256
253
252
255
255
254
261
267
279
291
297
303
300
296
291
282
272
261
240
220
200
181
157
144
138
140
142
149
156
166
174
180
190
194
181
166
145
123
109
99
100
104
106
117
131
145
162
184
205
228
257
284
318
348
370
393
412
433
451
471
482
492
500
498
496
496
490
485
476
471
458
447
435
427
437
443
456
462
472
481
484
483
496
498
489
479
469
454
440
424
421
421
418
424
427
430
430
434
435
434
434
430
430
432
429
435
443
453
469
480
487
487
487
477
466
449
432
412
386
363
337
311
290
272
265
262
265
269
278
287
297
303
316
326
320
306
289
277
266
260
259
267
282
296
310
325
347
370
390
411
439
465
497
522
549
565
583
607
624
641
653
658
663
664
666
661
658
646
636
618
606
592
580
573
578
583
594
606
614
621
632
635
643
650
648
640
626
605
592
580
566
557
552
551
545
547
556
557
564
567
569
574
583
587
596
601
616
620
634
643
648
647
640
633
618
599
584
562
544
517
494
460
430
408
394
386
383
385
388
391
398
404
407
406
394
370
343
320
299
285
274
273
275
280
293
306
324
349
371
397
419
450
480
504
524
543
565
585
613
640
663
686
709
719
723
717
707
693
673
657
640
621
607
597
608
618
627
638
651
666
679
687
694
705
702
691
669
654
637
620
611
598
585
570
558
546
537
532
527
524
518
516
520
523
526
536
543
556
563
575
584
582
577
575
562
551
535
516
500
479
462
437
415
398
390
387
388
386
392
389
388
379
374
368
352
323
303
280
267
256
252
256
263
279
296
317
342
369
393
421
453
486
519
556
578
603
615
640
656
676
696
709
726
732
736
733
723
717
698
683
662
641
620
603
609
613
624
628
634
641
642
641
642
638
624
604
583
558
537
521
510
502
493
488
484
479
475
473
478
474
472
470
477
480
489
494
503
514
529
546
550
551
549
539
529
514
499
482
467
452
430
406
381
352
334
325
315
312
308
305
302
295
298
296
284
266
246
230
219
217
217
225
246
262
283
309
337
370
393
423
445
475
499
523
539
555
566
585
601
610
611
612
605
604
600
595
594
579
567
553
538
522
509
504
512
519
528
538
548
561
563
567
571
568
559
538
513
491
469
448
431
417
404
391
375
361
348
336
329
318
320
316
312
311
307
308
307
317
325
336
343
351
339
322
290
262
226
194
168
144
124
101
74
55
44
32
26
22
14
9
4
5
7
11
5
-8
-28
-44
-58
-62
-54
-29
-7
29
61
89
114
140
162
185
201
227
247
263
272
288
298
316
327
338
344
352
352
349
347
350
344
342
340
333
336
330
326
324
329
340
355
363
369
373
383
391
403
405
405
390
368
350
328
312
290
278
262
251
244
238
241
242
247
251
261
267
279
294
307
318
328
343
353
360
359
353
336
314
293
266
243
220
189
158
135
103
71
46
38
40
44
59
62
74
77
85
91
91
82
67
44
29
12
3
-4
0
11
20
38
59
78
109
133
156
187
216
253
272
303
329
353
375
401
423
445
460
470
472
471
467
464
454
450
434
428
419
407
398
400
409
412
420
430
433
443
440
447
445
444
428
410
391
374
354
346
327
318
304
297
293
293
290
284
278
270
264
259
250
249
250
249
259
269
275
283
278
275
262
249
232
217
199
169
146
114
89
64
44
27
20
27
34
34
34
43
55
62
63
64
50
36
21
9
6
5
10
22
40
58
84
115
149
178
214
245
282
320
354
383
407
436
451
469
476
487
491
495
500
499
494
490
488
486
482
475
467
461
460
458
461
469
474
480
483
484
483
485
482
477
469
446
426
410
397
388
378
372
371
368
373
380
384
391
391
384
374
363
358
353
359
365
377
390
397
402
397
385
378
363
346
330
308
293
272
256
240
213
192
182
174
177
182
197
204
213
216
219
230
224
208
196
170
160
147
147
149
152
172
189
219
243
261
294
326
363
393
430
462
482
502
518
532
542
557
562
571
564
578
573
566
564
558
553
547
541
538
533
542
558
590
627
661
690
712
721
716
695
677
644
611
558
514
473
443
409
378
343
323
298
275
260
247
237
226
216
205
194
197
196
205
209
213
236
248
262
274
277
281
272
260
252
237
215
196
176
154
134
110
87
67
56
42
39
33
42
51
69
84
91
79
61
43
27
7
-6
-20
-24
-15
-6
9
20
39
61
85
102
129
164
196
228
257
285
323
364
402
431
458
473
490
504
508
507
502
499
487
482
472
466
463
468
469
466
470
477
491
504
523
542
559
567
556
540
531
510
492
484
461
450
442
438
430
428
418
417
399
383
367
350
357
367
388
408
432
454
474
487
491
476
465
448
430
411
394
373
345
321
299
275
249
238
234
233
237
245
253
260
268
276
285
281
267
249
226
209
196
182
183
189
199
212
228
239
261
283
309
344
381
413
455
493
516
542
565
592
611
628
640
644
649
645
651
654
660
659
649
637
631
618
611
615
627
635
650
664
670
681
693
703
709
707
691
676
646
626
612
600
586
573
560
555
546
538
533
526
520
515
510
514
517
526
533
545
560
576
592
604
607
608
608
596
576
559
532
507
485
455
433
407
377
361
348
342
342
343
343
346
349
353
358
355
331
309
280
252
236
222
211
204
209
214
224
234
254
274
302
331
354
385
413
432
453
468
481
497
509
518
521
528
530
531
529
526
525
523
523
520
519
519
522
523
544
555
568
584
593
603
614
625
633
626
610
585
559
536
519
503
493
490
482
481
475
470
466
467
463
457
451
444
448
451
456
465
472
487
499
513
518
517
504
485
470
448
426
401
374
350
327
301
283
270
266
263
269
272
280
288
298
310
315
317
303
283
262
244
233
226
223
225
235
248
265
284
304
331
352
377
401
432
462
486
513
544
569
597
627
647
669
680
694
700
702
704
701
701
694
683
673
660
655
657
669
681
696
706
715
725
733
734
742
743
724
708
683
663
641
628
613
602
597
590
584
583
587
583
579
572
564
558
552
553
560
561
568
578
590
603
609
607
602
588
573
551
531
505
475
451
423
400
372
360
354
353
349
349
354
360
369
383
392
395
386
373
357
348
342
348
354
373
392
412
435
461
481
506
531
559
586
613
636
662
678
692
709
720
735
748
760
763
767
766
771
770
770
771
768
763
759
756
754
761
775
790
800
802
812
809
812
808
807
799
776
759
732
716
697
686
681
678
676
673
673
676
675
671
670
674
668
669
674
683
694
704
718
736
753
763
766
767
770
761
743
728
715
692
669
646
631
610
597
586
588
589
589
597
599
603
608
608
609
602
576
551
526
504
489
484
482
486
495
500
511
526
547
571
599
630
665
709
745
775
802
822
839
857
875
891
896
896
897
885
876
868
862
852
844
836
827
818
808
809
816
826
835
838
845
844
850
854
858
858
855
842
837
829
821
821
819
811
803
782
762
733
709
685
664
639
621
607
595
589
583
578
578
586
594
599
606
609
616
612
612
612
608
600
594
582
564
549
529
512
513
514
521
537
551
569
586
603
613
618
611
595
581
569
562
556
557
560
568
574
583
596
610
621
641
659
676
692
711
726
732
750
761
778
791
802
812
814
813
809
802
803
803
806
808
808
803
797
786
789
789
795
800
804
814
818
821
825
831
823
809
789
771
745
728
710
699
691
690
686
679
676
675
670
667
662
660
656
657
662
667
674
688
702
713
721
723
719
711
696
679
660
636
613
588
568
550
521
503
490
485
480
480
481
485
481
484
483
484
477
458
437
406
388
375
373
370
376
394
411
433
455
480
510
539
570
602
633
665
685
704
726
741
763
779
794
802
808
806
800
799
799
800
800
800
797
794
795
803
819
853
884
922
960
995
1026
1049
1080
1105
1120
1124
1116
1109
1104
1093
1092
1088
1086
1091
1094
1099
1105
1108
1114
1123
1130
1134
1145
1158
1163
1176
1186
1198
1216
1230
1251
1260
1264
1264
1255
1238
1212
1196
1171
1142
1124
1100
1081
1058
1037
1033
1028
1029
1031
1037
1047
1066
1085
1100
1114
1106
1099
1094
1079
1070
1068
1071
1082
1090
1107
1134
1161
1197
1223
1268
1304
1355
1408
1449
1484
1516
1541
1565
1583
1600
1613
1625
1633
1633
1629
1624
1614
1610
1603
1593
1584
1579
1572
1566
1569
1575
1588
1609
1616
1630
1633
1642
1647
1648
1646
1635
1619
1599
1576
1560
1542
1531
1522
1516
1506
1506
1501
1500
1495
1489
1483
1480
1477
1475
1481
1492
1504
1520
1531
1545
1557
1559
1564
1558
1549
1537
1529
1514
1497
1475
1455
1432
1405
1385
1368
1359
1362
1368
1368
1371
1372
1370
1374
1370
1366
1343
1324
1305
1284
1275
1269
1269
1282
1293
1312
1334
1360
1390
1414
1434
1457
1477
1508
1527
1541
1559
1571
1587
1601
1616
1633
1639
1644
1648
1641
1633
1621
1611
1593
1576
1559
1542
1530
1510
1502
1506
1516
1524
1537
1546
1558
1570
1576
1579
1579
1571
1548
1527
1500
1481
1462
1440
1416
1397
1378
1366
1354
1349
1346
1342
1341
1340
1347
1355
1361
1372
1382
1395
1409
1425
1436
1439
1442
1434
1421
1402
1382
1370
1354
1341
1323
1306
1287
1271
1264
1265
1268
1274
1273
1277
1276
1274
1271
1275
1271
1253
1231
1210
1190
1180
1170
1175
1179
1192
1203
1218
1250
1273
1300
1331
1351
1373
1396
1416
1429
1447
1454
1467
1481
1492
1502
1509
1512
1516
1515
1515
1518
1519
1523
1516
1520
1520
1515
1511
1511
1516
1526
1535
1541
1554
1562
1568
1569
1576
1568
1556
1537
1509
1483
1461
1443
1423
1396
1369
1328
1295
1253
1216
1178
1144
1114
1086
1050
1031
1016
1002
992
987
993
994
998
996
986
967
948
924
899
873
846
814
787
758
720
699
666
652
637
618
612
605
606
606
604
606
599
578
552
519
499
483
474
471
473
484
502
519
534
552
582
601
624
648
674
705
727
739
754
765
783
804
816
833
829
835
830
823
813
805
800
791
786
781
763
756
748
752
759
761
771
778
781
788
787
797
790
781
766
747
738
735
730
726
721
712
709
699
688
674
668
662
656
643
640
633
631
633
638
645
654
663
666
667
660
652
641
621
602
579
551
529
500
470
449
417
398
385
384
381
386
387
392
397
407
419
422
415
398
388
370
366
354
356
359
364
373
393
412
433
458
479
499
518
546
565
586
602
619
631
646
653
658
656
659
659
647
637
627
614
602
583
566
551
536
523
522
525
530
535
543
546
553
559
569
567
565
551
538
518
495
483
466
460
449
445
433
431
423
421
419
419
413
410
409
413
421
431
442
449
456
461
467
464
456
445
426
409
387
365
347
315
283
262
232
203
185
174
167
166
170
181
188
204
215
230
231
228
218
206
196
187
189
200
216
239
263
291
309
338
364
384
399
416
438
448
461
472
484
494
506
518
525
533
535
526
524
515
508
495
478
470
452
435
425
411
406
417
429
441
449
454
457
456
461
462
461
444
424
406
381
362
353
343
342
343
345
345
352
354
356
355
354
355
350
352
353
360
372
377
396
407
412
416
414
407
396
378
362
337
323
293
268
243
211
180
161
141
128
121
110
110
114
118
122
133
140
134
120
103
84
72
60
55
56
67
80
100
122
147
172
199
222
245
274
298
320
340
356
368
388
397
406
411
410
419
418
416
406
398
399
390
380
374
362
353
357
366
373
377
394
395
407
412
414
418
416
402
380
355
338
312
289
274
265
254
246
238
231
224
225
216
218
218
213
220
224
224
228
236
239
244
245
242
233
224
204
185
164
133
105
81
53
20
-9
-38
-55
-71
-79
-84
-84
-80
-69
-69
-60
-47
-41
-45
-60
-76
-82
-91
-92
-87
-78
-60
-39
-10
19
50
83
116
147
175
204
230
247
258
261
267
276
283
293
292
293
287
280
273
268
261
261
252
244
231
222
214
217
230
243
256
265
273
272
273
268
261
256
241
220
192
172
151
130
114
90
78
67
53
44
36
31
24
22
13
11
16
18
23
33
43
58
73
86
89
97
97
91
79
68
51
43
25
12
-4
-23
-39
-49
-51
-60
-61
-60
-62
-62
-63
-68
-68
-71
-90
-108
-129
-151
-163
-178
-187
-191
-181
-169
-152
-130
-111
-89
-64
-41
-18
9
40
63
82
95
112
125
141
152
158
165
159
157
152
137
131
126
115
103
89
71
61
56
58
66
71
82
93
96
103
106
107
107
96
76
58
34
15
-4
-17
-32
-44
-52
-59
-70
-77
-84
-89
-99
-101
-102
-102
-93
-84
-83
-60
-42
-28
-12
-2
5
8
4
-4
-20
-34
-50
-69
-86
-106
-132
-152
-164
-179
-179
-179
-181
-173
-165
-156
-150
-143
-139
-147
-162
-174
-187
-200
-209
-206
-199
-185
-168
-151
-130
-108
-85
-68
-44
-19
9
42
70
92
117
140
161
179
197
208
213
218
222
216
209
208
200
193
185
175
163
161
155
163
177
190
202
214
219
230
237
248
254
242
234
214
199
182
168
159
147
141
135
124
113
105
99
93
88
79
70
68
67
69
72
84
87
94
104
111
115
119
122
116
104
94
88
72
54
34
12
-11
-30
-44
-52
-47
-45
-33
-22
-11
-3
3
13
6
-6
-16
-35
-44
-49
-50
-41
-29
-15
2
25
50
82
110
144
172
206
238
266
291
318
347
380
406
433
453
461
471
467
461
448
434
420
409
394
384
373
360
352
351
349
347
351
348
348
352
353
354
354
348
334
311
303
295
289
278
275
270
265
260
256
253
251
243
241
236
233
238
242
248
255
265
281
291
303
306
310
305
300
285
269
258
241
220
200
183
163
140
121
111
106
105
110
120
123
130
132
134
133
122
98
83
68
57
52
52
58
77
93
117
140
171
198
227
260
289
316
348
369
390
405
429
452
467
484
492
496
498
490
477
469
455
451
445
436
432
425
415
411
420
428
440
451
458
467
476
485
494
503
504
494
477
462
443
431
422
412
409
407
398
398
385
381
366
357
352
342
338
343
346
355
361
376
385
404
413
420
418
408
396
378
366
343
320
299
274
248
222
196
179
167
160
153
151
151
147
152
155
159
147
135
117
100
91
82
83
88
99
119
142
165
189
217
250
281
308
338
364
391
409
431
444
463
484
500
513
525
530
536
538
532
530
524
515
510
501
488
477
475
482
484
496
499
501
506
514
522
526
532
523
508
489
464
441
424
407
397
383
383
374
369
366
363
362
359
358
358
359
365
371
388
394
409
425
444
453
465
467
460
448
442
428
407
388
367
343
318
304
287
280
274
277
277
279
286
287
294
301
307
300
281
257
240
222
214
210
209
220
234
250
265
287
314
336
358
384
410
442
472
490
518
540
564
592
618
643
672
692
710
720
731
727
720
706
687
668
652
631
621
615
617
616
616
620
616
612
610
607
609
598
574
551
526
499
483
460
449
435
427
427
427
426
427
420
422
415
406
404
406
406
411
418
428
440
449
454
454
453
446
434
414
400
378
357
335
311
290
268
251
245
247
245
259
268
283
296
311
326
340
339
329
307
294
282
271
271
278
291
317
338
358
386
409
431
452
473
494
519
537
551
562
566
583
589
597
600
603
602
595
588
582
575
568
558
547
537
533
525
525
532
544
550
563
572
577
579
575
576
570
556
537
515
494
481
467
457
447
442
435
430
426
420
412
407
396
391
393
403
418
434
457
471
486
498
506
507
501
491
478
459
439
424
401
379
358
336
316
292
282
277
275
278
283
284
289
294
303
303
309
297
282
266
249
238
227
222
221
225
237
251
263
288
310
336
362
392
421
453
481
506
522
545
561
583
594
605
615
619
618
616
611
617
610
599
589
580
575
569
561
562
564
572
582
587
595
601
612
623
636
648
645
630
613
586
551
520
482
450
420
390
369
340
328
308
291
278
262
258
254
256
261
263
281
294
312
325
333
333
333
327
314
295
277
260
239
220
202
179
178
213
270
339
401
455
502
542
577
602
617
622
616
600
582
559
546
533
524
518
512
512
513
523
537
550
577
610
642
676
705
730
748
764
778
794
808
818
819
823
821
814
812
812
810
809
805
797
784
768
752
753
753
756
764
760
769
772
770
776
777
768
750
734
714
691
673
663
649
639
641
636
632
630
620
615
607
596
586
579
574
567
568
569
576
587
593
602
609
609
603
587
570
551
530
500
471
445
411
383
351
330
311
303
304
304
298
305
302
307
309
305
294
281
267
257
251
243
240
242
243
251
263
278
298
327
360
387
421
460
489
513
533
552
563
581
592
608
618
624
623
627
630
625
621
627
618
612
596
584
583
592
606
615
627
631
634
635
628
633
631
629
607
592
574
556
538
524
513
498
490
484
495
508
531
553
571
587
600
605
617
620
626
639
645
658
675
690
700
700
691
675
661
644
629
604
585
562
541
522
511
512
518
528
538
550
557
561
567
568
571
559
537
516
487
464
444
428
417
412
409
416
427
442
466
492
515
548
578
607
626
643
661
672
679
695
703
705
712
710
707
706
698
691
680
667
658
650
644
637
630
638
650
665
673
692
702
710
712
722
725
714
699
687
664
654
642
631
619
617
612
606
599
598
595
586
575
561
552
544
546
549
561
580
596
615
638
655
669
672
674
677
664
654
642
623
610
596
577
556
545
538
534
535
539
547
553
562
569
570
570
559
539
519
494
473
450
436
425
421
423
435
452
480
503
531
551
579
607
632
650
667
682
703
715
736
750
761
773
779
789
787
786
788
779
772
764
758
749
745
738
743
752
765
776
790
797
811
809
804
797
778
754
723
690
663
644
629
615
605
595
574
565
558
554
548
533
526
515
510
509
508
498
477
458
440
425
406
397
380
365
346
323
307
289
265
246
218
195
168
141
131
125
130
131
135
139
146
155
164
172
172
161
143
136
129
123
129
138
145
160
174
192
214
238
264
290
317
348
375
400
422
438
456
476
493
510
519
530
532
543
547
554
565
567
567
554
547
534
518
511
507
508
518
519
527
525
521
522
523
522
519
501
482
461
442
431
418
410
396
394
386
380
373
368
360
358
356
357
369
387
402
422
439
458
475
491
498
499
490
476
461
440
413
388
354
323
299
269
247
225
213
209
212
222
234
246
258
267
278
290
291
275
263
254
244
243
243
248
258
270
284
300
321
341
364
387
404
426
449
467
485
506
522
536
558
573
586
594
601
610
612
612
609
607
600
593
590
584
578
571
576
588
601
612
620
624
629
632
634
633
626
605
580
556
536
515
496
486
472
459
452
446
440
433
434
434
435
437
438
436
439
442
448
453
456
456
456
450
444
439
427
412
404
393
380
372
367
354
343
332
329
341
359
376
395
420
439
456
478
485
494
488
479
459
450
442
433
427
427
428
436
446
456
471
483
502
525
548
574
595
616
630
640
648
656
659
668
673
672
668
667
670
671
670
674
673
678
675
670
665
673
681
694
698
702
706
711
708
707
699
687
664
635
602
572
546
525
509
495
485
473
465
454
447
445
443
440
435
434
429
433
436
441
449
455
455
455
444
436
417
401
383
364
339
309
275
240
204
165
134
107
96
91
94
100
108
115
130
139
157
166
164
161
155
148
147
143
141
148
154
157
166
180
191
202
208
221
238
254
263
269
272
277
283
289
296
296
294
292
290
287
283
285
282
278
272
268
264
257
253
257
258
267
275
285
289
296
300
305
304
297
279
257
237
218
199
188
173
168
164
162
158
160
161
163
158
155
151
147
149
150
146
148
150
158
168
173
173
171
167
162
147
132
114
95
69
50
25
-4
-18
-33
-44
-50
-50
-42
-41
-33
-32
-31
-28
-35
-52
-70
-86
-104
-111
-119
-122
-117
-108
-92
-67
-42
-13
13
41
67
98
128
150
173
192
209
221
238
249
255
256
252
246
243
235
227
219
214
204
203
197
187
182
187
199
212
225
232
238
242
250
250
252
249
233
209
193
172
148
128
116
100
89
84
72
66
56
54
54
50
47
45
45
45
47
47
53
53
60
66
60
53
45
34
9
-13
-37
-58
-87
-115
-140
-166
-186
-194
-201
-201
-201
-196
-191
-186
-182
-180
-176
-182
-207
-230
-256
-280
-303
-319
-328
-336
-338
-327
-314
-297
-275
-252
-223
-198
-166
-133
-105
-78
-56
-33
-12
1
16
25
34
36
36
27
20
8
-4
-12
-21
-32
-45
-58
-69
-69
-66
-55
-47
-39
-30
-22
-11
4
21
38
37
35
29
13
2
-15
-32
-47
-69
-88
-103
-121
-127
-140
-154
-166
-179
-184
-185
-184
-175
-159
-143
-124
-106
-91
-86
-88
-95
-105
-124
-149
-171
-191
-220
-249
-266
-297
-315
-328
-331
-336
-334
-323
-312
-299
-286
-275
-266
-265
-278
-294
-316
-338
-354
-359
-356
-348
-340
-332
-318
-305
-289
-269
-242
-221
-196
-172
-153
-133
-117
-99
-82
-64
-50
-36
-21
-12
-7
-11
-21
-32
-42
-59
-72
-87
-99
-102
-108
-103
-95
-78
-62
-50
-37
-27
-22
-9
-4
-2
-12
-29
-55
-72
-90
-105
-117
-127
-138
-150
-162
-177
-188
-197
-203
-208
-214
-215
-218
-213
-207
-200
-187
-170
-153
-140
-137
-136
-139
-152
-165
-183
-195
-213
-230
-248
-260
-260
-241
-214
-180
-146
-116
-84
-61
-40
-25
-11
7
21
16
17
11
9
20
28
43
61
83
108
132
166
202
230
266
298
336
374
413
450
479
509
541
573
598
618
629
627
629
630
629
624
624
617
610
598
579
559
542
539
549
563
583
596
613
620
625
628
626
625
604
583
558
534
513
497
473
455
425
391
357
331
307
283
264
249
226
215
205
197
195
197
201
208
210
217
210
203
194
175
162
145
131
111
87
59
23
-10
-44
-61
-73
-76
-78
-71
-71
-72
-63
-55
-40
-29
-31
-45
-59
-72
-83
-90
-105
-106
-109
-104
-97
-88
-68
-50
-26
-2
23
49
74
98
118
141
165
188
211
232
245
258
267
265
267
270
278
282
283
279
269
256
242
231
233
240
247
258
261
264
266
268
271
268
254
234
219
203
194
182
174
155
129
106
89
71
51
21
-11
-42
-70
-89
-107
-118
-122
-124
-128
-125
-122
-118
-114
-115
-115
-114
-120
-127
-149
-166
-195
-221
-254
-285
-320
-347
-365
-377
-378
-381
-373
-365
-363
-351
-340
-340
-357
-372
-395
-411
-427
-433
-435
-428
-415
-393
-368
-337
-306
-277
-252
-218
-194
-159
-130
-105
-83
-64
-43
-22
-6
12
19
27
32
36
37
26
24
17
8
8
4
4
1
5
20
41
55
68
86
100
115
128
146
156
154
145
120
101
83
66
49
37
24
16
6
-1
-9
-13
-16
-17
-21
-22
-22
-23
-16
-9
8
18
30
49
52
47
33
16
-5
-25
-50
-68
-95
-114
-140
-166
