-295
-315
-366
-396
-425
-453
-471
-483
-483
-495
-491
-489
-486
-494
-498
-500
-508
-529
-516
-523
-522
-527
-525
-522
-528
-509
-496
-474
-452
-434
-416
-406
-389
-379
-374
-371
-374
-380
-387
-394
-392
-405
-401
-396
-395
-393
-387
-373
-380
-389
-400
-415
-433
-444
-449
-462
-463
-462
-469
-465
-454
-443
-432
-431
-419
-422
-422
-415
-414
-403
-402
-389
-383
-373
-366
-362
-362
-371
-366
-370
-371
-372
-367
-364
-355
-346
-333
-332
-330
-324
-330
-335
-349
-361
-385
-403
-424
-447
-472
-506
-539
-578
-606
-635
-662
-683
-698
-705
-711
-710
-697
-688
-676
-668
-667
-672
-671
-672
-674
-677
-677
-682
-681
-680
-672
-660
-644
-623
-604
-584
-574
-563
-549
-553
-553
-551
-558
-559
-556
-554
-553
-546
-540
-533
-522
-511
-503
-493
-491
-490
-496
-497
-502
-511
-516
-536
-532
-541
-546
-538
-527
-508
-498
-469
-457
-446
-436
-431
-427
-428
-426
-429
-433
-434
-440
-443
-457
-463
-470
-472
-478
-488
-498
-495
-491
-480
-486
-480
-472
-463
-460
-455
-452
-453
-460
-462
-462
-465
-462
-480
-506
-544
-551
-574
-597
-616
-633
-639
-655
-654
-653
-659
-653
-654
-656
-658
-651
-647
-640
-629
-621
-615
-604
-591
-576
-569
-550
-528
-508
-488
-477
-464
-463
-460
-459
-453
-443
-443
-434
-429
-421
-414
-412
-404
-394
-383
-376
-383
-365
-371
-378
-388
-398
-408
-418
-410
-407
-406
-405
-405
-394
-382
-376
-366
-365
-369
-368
-374
-379
-376
-374
-390
-388
-391
-393
-394
-398
-392
-417
-422
-429
-439
-440
-438
-426
-418
-399
-381
-370
-356
-345
-336
-331
-323
-313
-305
-302
-293
-295
-310
-327
-355
-376
-396
-412
-427
-445
-455
-463
-462
-453
-440
-428
-420
-413
-402
-398
-393
-388
-386
-388
-391
-388
-391
-391
-386
-370
-355
-337
-318
-313
-307
-305
-302
-305
-310
-311
-314
-313
-311
-307
-306
-309
-300
-292
-292
-290
-284
-281
-286
-291
-292
-312
-315
-322
-330
-337
-346
-346
-346
-332
-313
-294
-273
-253
-235
-220
-210
-199
-190
-185
-177
-176
-176
-191
-183
-190
-202
-211
-226
-242
-253
-262
-264
-261
-252
-237
-223
-210
-195
-179
-174
-165
-162
-160
-156
-150
-148
-159
-171
-191
-221
-246
-269
-287
-311
-328
-348
-379
-399
-412
-422
-435
-440
-453
-463
-468
-471
-469
-471
-481
-461
-455
-448
-436
-419
-405
-387
-350
-342
-331
-324
-318
-311
-317
-316
-322
-329
-332
-334
-333
-339
-335
-333
-326
-318
-313
-308
-304
-306
-295
-324
-324
-327
-327
-320
-312
-295
-289
-264
-238
-212
-181
-160
-140
-133
-131
-126
-126
-125
-120
-118
-118
-121
-115
-117
-117
-114
-115
-116
-123
-117
-119
-110
-110
-109
-114
-118
-117
-126
-134
-131
-134
-136
-133
-126
-112
-113
-110
-120
-151
-172
-204
-229
-259
-272
-286
-292
-293
-285
-266
-245
-224
-203
-186
-181
-173
-163
-160
-155
-139
-135
-123
-110
-98
-84
-64
-45
-21
1
21
40
56
65
85
92
99
100
102
109
112
112
132
121
124
124
109
103
90
74
51
29
11
-2
-11
-16
-19
-25
-25
-15
0
22
46
71
88
103
110
114
115
119
115
113
109
114
111
108
110
106
107
106
102
97
97
101
106
109
124
135
146
154
164
169
172
177
177
177
176
177
178
169
154
137
126
110
101
104
100
97
100
108
118
131
138
140
139
139
149
149
155
173
182
193
209
220
238
251
275
295
321
347
362
380
402
443
485
532
587
632
681
719
755
777
795
806
815
823
829
835
842
830
825
816
808
806
800
806
798
804
804
810
831
853
882
897
915
922
926
929
929
926
919
918
913
908
904
901
898
890
885
879
872
858
853
844
837
826
830
832
827
827
827
831
836
847
853
861
876
884
885
873
855
842
826
808
794
768
743
707
674
650
638
632
627
622
621
616
614
620
627
637
644
651
670
680
698
719
739
763
788
811
824
837
847
855
859
859
861
860
860
867
884
904
949
994
1053
1102
1181
1235
1284
1317
1340
1359
1370
1379
1378
1375
1363
1354
1344
1345
1355
1371
1389
1402
1409
1408
1395
1386
1369
1352
1336
1319
1306
1298
1296
1309
1296
1297
1302
1310
1316
1321
1331
1332
1344
1351
1349
1349
1353
1354
1347
1343
1343
1336
1334
1330
1327
1324
1312
1292
1269
1234
1206
1180
1157
1132
1116
1101
1089
1092
1098
1108
1120
1130
1153
1142
1154
1162
1172
1180
1186
1197
1205
1216
1230
1246
1264
1289
1322
1342
1355
1367
1370
1374
1376
1374
1375
1380
1388
1398
1403
1417
1423
1426
1418
1427
1423
1419
1420
1405
1383
1358
1324
1281
1219
1158
1090
1030
974
943
917
908
898
895
889
885
884
885
875
867
868
860
856
856
858
849
854
855
854
861
868
875
872
877
888
886
895
904
920
931
945
952
951
945
936
913
885
854
823
780
736
698
658
623
590
572
552
534
530
528
530
531
532
526
513
507
499
491
483
482
485
485
494
506
521
537
558
580
601
619
628
637
641
649
651
654
656
651
651
648
647
648
638
640
640
642
645
647
651
645
628
635
629
624
625
620
624
621
627
630
643
659
676
688
693
703
707
705
709
704
706
708
717
722
727
727
725
717
711
707
701
684
673
668
662
663
661
662
659
650
642
631
623
622
617
607
604
600
590
574
546
518
492
472
458
449
442
448
444
442
448
449
447
445
448
446
445
439
462
474
488
506
523
538
549
572
586
605
627
633
637
640
644
640
627
624
613
602
595
588
579
578
575
578
578
582
588
589
594
592
583
569
562
555
560
544
536
530
523
526
534
545
547
553
558
551
554
550
547
539
531
525
522
522
520
525
528
537
547
560
566
578
576
586
580
608
618
628
640
651
653
657
660
664
668
679
686
692
694
685
668
634
614
585
560
538
516
509
493
488
490
490
494
492
491
488
488
490
494
503
516
527
538
539
566
580
599
628
651
676
688
702
712
722
730
732
733
732
731
744
733
734
730
730
722
718
718
710
701
686
661
645
629
620
603
584
597
590
587
595
603
617
635
650
679
666
673
684
686
692
695
705
687
679
672
670
664
662
659
661
644
657
659
658
659
669
672
675
688
691
697
693
688
678
668
657
648
643
639
621
604
592
584
585
571
567
567
565
573
579
598
608
621
631
635
644
649
658
663
673
688
707
738
768
794
805
821
837
850
865
871
881
893
890
919
931
942
957
976
999
1017
1043
1051
1056
1061
1058
1061
1057
1063
1051
1043
1026
1012
995
982
967
950
932
918
916
925
944
959
983
978
985
990
993
997
999
1008
1007
1011
1016
1019
1026
1032
1037
1036
1035
1035
1027
1032
1031
1037
1042
1051
1063
1074
1089
1101
1117
1132
1148
1174
1199
1225
1255
1281
1293
1299
1313
1334
1349
1375
1397
1421
1425
1455
1467
1486
1500
1507
1510
1506
1506
1497
1492
1480
1470
1460
1451
1446
1444
1444
1453
1463
1480
1501
1522
1545
1552
1553
1558
1555
1558
1556
1560
1557
1561
1568
1570
1578
1581
1597
1606
1623
1642
1656
1655
1645
1641
1634
1641
1651
1678
1709
1746
1771
1789
1800
1816
1835
1840
1847
1845
1835
1819
1807
1791
1777
1765
1758
1749
1735
1713
1677
1640
1613
1599
1591
1595
1614
1642
1682
1728
1770
1809
1846
1870
1895
1910
1923
1927
1923
1929
1930
1928
1926
1909
1891
1868
1850
1829
1808
1782
1758
1732
1698
1672
1646
1634
1625
1631
1641
1655
1660
1660
1662
1659
1636
1644
1640
1643
1652
1672
1689
1708
1734
1756
1765
1768
1765
1756
1738
1723
1699
1679
1661
1642
1628
1613
1603
1589
1591
1584
1585
1584
1583
1573
1552
1523
1495
1458
1419
1379
1350
1327
1304
1296
1297
1295
1291
1291
1290
1282
1278
1263
1254
1242
1232
1226
1210
1202
1190
1184
1179
1171
1174
1163
1159
1154
1146
1142
1136
1141
1141
1139
1144
1141
1142
1139
1141
1147
1157
1165
1180
1191
1204
1208
1199
1170
1170
1156
1134
1112
1096
1078
1060
1056
1050
1051
1051
1049
1041
1031
1025
1025
1034
1047
1064
1075
1094
1111
1134
1135
1154
1175
1196
1216
1230
1245
1247
1253
1259
1262
1262
1258
1253
1252
1249
1248
1248
1253
1259
1258
1266
1266
1274
1264
1248
1238
1226
1214
1199
1195
1184
1172
1165
1168
1185
1203
1222
1238
1255
1266
1274
1284
1283
1288
1310
1299
1304
1314
1324
1332
1340
1346
1348
1348
1350
1347
1344
1345
1349
1342
1344
1349
1341
1338
1327
1322
1309
1301
1292
1283
1274
1264
1246
1225
1190
1146
1098
1051
1006
957
915
866
845
823
812
807
802
792
769
776
762
745
738
725
714
702
699
710
692
695
697
701
713
729
744
752
764
778
788
797
807
817
825
839
849
858
871
883
897
903
920
931
934
937
935
935
939
952
982
1025
1069
1118
1155
1184
1215
1243
1261
1271
1275
1280
1279
1276
1282
1276
1270
1268
1262
1252
1239
1228
1220
1211
1208
1203
1195
1186
1183
1173
1178
1175
1177
1170
1172
1171
1167
1138
1123
1099
1069
1047
1019
1007
979
959
930
906
885
877
870
864
861
864
859
866
872
880
885
882
880
873
859
849
830
817
796
784
765
743
730
717
710
705
710
712
714
708
704
696
696
692
689
678
671
674
670
668
671
677
674
668
676
679
673
661
644
625
615
609
594
591
584
576
564
550
560
569
579
596
611
620
627
634
641
641
644
643
641
638
638
631
631
628
628
630
631
638
638
634
639
644
642
649
652
657
648
646
641
640
637
640
648
653
656
651
633
608
586
566
545
511
511
498
488
480
481
485
494
500
505
509
510
510
513
513
504
493
483
478
476
478
489
508
519
538
552
559
571
580
584
592
588
590
594
586
588
592
587
585
589
596
604
609
619
616
606
596
582
570
556
552
542
534
529
524
530
544
565
586
607
614
633
639
643
649
650
652
651
650
648
645
642
641
633
635
635
643
637
645
657
663
673
679
688
682
682
682
680
680
687
692
704
714
721
713
692
676
656
636
607
611
607
603
606
610
618
628
645
651
651
650
649
641
625
616
607
593
589
582
582
589
593
606
616
634
631
632
634
632
641
637
637
639
643
650
662
676
684
695
706
709
715
715
712
704
673
667
648
629
612
600
588
573
565
562
569
590
609
630
643
665
673
687
699
712
728
739
750
768
777
789
802
808
811
822
836
835
844
859
876
906
927
958
980
991
1010
1014
1023
1036
1043
1047
1056
1060
1056
1049
1023
990
958
921
887
854
824
806
785
771
766
772
772
764
758
753
746
729
735
732
734
734
734
740
740
757
769
786
810
829
845
856
873
880
880
879
870
860
848
838
830
825
825
823
824
832
841
857
868
874
870
862
857
862
864
873
891
917
944
974
1015
1063
1083
1124
1159
1193
1229
1258
1291
1317
1343
1371
1392
1418
1443
1469
1476
1485
1492
1501
1502
1500
1503
1507
1501
1527
1535
1548
1566
1578
1590
1601
1618
1630
1638
1660
1676
1690
1693
1686
1670
1650
1623
1605
1582
1572
1553
1559
1541
1539
1547
1555
1571
1579
1594
1602
1610
1618
1625
1636
1650
1657
1670
1674
1700
1709
1717
1738
1754
1766
1773
1781
1782
1783
1783
1773
1768
1763
1756
1749
1744
1744
1732
1724
1722
1714
1709
1698
1692
1673
1654
1635
1616
1618
1597
1589
1589
1585
1584
1588
1602
1615
1638
1655
1670
1677
1687
1692
1692
1696
1699
1701
1706
1712
1719
1724
1718
1731
1731
1734
1735
1728
1729
1735
1744
1757
1772
1793
1802
1812
1806
1797
1793
1762
1741
1720
1700
1677
1664
1648
1614
1594
1580
1566
1552
1546
1537
1527
1527
1525
1523
1529
1537
1536
1536
1542
1545
1543
1543
1540
1534
1531
1522
1524
1528
1527
1536
1543
1555
1560
1566
1563
1555
1546
1528
1505
1476
1453
1426
1402
1377
1361
1345
1326
1310
1311
1272
1255
1229
1177
1089
983
867
752
658
586
527
485
457
439
426
436
453
467
491
508
526
533
539
545
552
554
556
560
560
562
572
578
578
585
588
592
591
599
600
616
628
644
658
667
678
685
691
699
705
711
719
731
739
733
722
709
694
675
666
658
641
631
619
603
596
595
595
593
594
600
606
616
632
641
653
652
683
701
712
731
747
768
789
806
831
837
846
857
866
876
885
913
903
916
932
941
951
960
971
973
972
974
978
968
954
936
919
906
902
894
896
898
908
919
926
959
979
998
1015
1032
1048
1042
1069
1076
1085
1090
1096
1104
1103
1104
1099
1088
1073
1060
1045
1026
1016
1005
1002
998
1002
1004
1009
1022
1035
1044
1051
1064
1072
1076
1087
1088
1088
1084
1065
1037
1005
981
953
936
928
916
912
910
915
930
923
925
917
913
905
903
903
892
886
881
882
883
885
896
906
924
945
960
970
977
984
986
993
996
999
1005
1007
1018
1020
1027
1030
1037
1042
1052
1057
1065
1067
1074
1067
1064
1058
1053
1054
1051
1057
1059
1063
1079
1098
1124
1147
1173
1196
1212
1230
1244
1257
1266
1277
1291
1295
1304
1309
1307
1310
1313
1319
1319
1327
1327
1323
1327
1333
1338
1341
1341
1349
1347
1348
1351
1352
1354
1348
1349
1349
1345
1346
1334
1312
1292
1272
1251
1235
1213
1200
1180
1166
1156
1155
1148
1145
1145
1141
1133
1134
1132
1126
1122
1123
1120
1121
1123
1129
1136
1149
1170
1195
1218
1244
1259
1267
1281
1282
1284
1288
1290
1286
1288
1282
1284
1278
1273
1271
1265
1260
1261
1260
1250
1237
1232
1223
1216
1210
1204
1203
1196
1190
1195
1205
1217
1226
1241
1240
1243
1246
1243
1238
1234
1231
1226
1227
1225
1230
1235
1244
1248
1250
1246
1252
1245
1240
1241
1241
1250
1255
1272
1287
1304
1320
1336
1346
1351
1361
1363
1358
1355
1344
1322
1287
1246
1208
1168
1134
1105
1083
1058
1050
1043
1041
1051
1058
1064
1065
1073
1072
1071
1072
1075
1075
1077
1085
1096
1103
1121
1141
1159
1186
1205
1223
1226
1237
1240
1250
1246
1248
1244
1236
1227
1225
1221
1219
1215
1215
1207
1204
1203
1190
1172
1142
1114
1086
1062
1043
1027
1015
1004
995
1000
1012
1037
1066
1088
1111
1125
1136
1141
1139
1137
1122
1117
1108
1106
1100
1105
1110
1112
1122
1133
1142
1149
1161
1172
1182
1198
1214
1229
1236
1242
1246
1236
1230
1226
1207
1199
1190
1188
1184
1173
1157
1138
1117
1100
1093
1080
1076
1072
1061
1056
1055
1051
1047
1039
1029
1005
981
970
958
946
945
952
962
976
998
1020
1045
1077
1114
1152
1173
1196
1218
1233
1247
1262
1267
1257
1254
1251
1249
1248
1243
1239
1234
1234
1230
1229
1233
1221
1214
1197
1183
1177
1167
1152
1142
1126
1118
1101
1108
1114
1126
1146
1156
1170
1177
1192
1199
1205
1210
1218
1220
1220
1230
1232
1233
1237
1233
1235
1228
1229
1226
1226
1233
1240
1249
1255
1270
1275
1276
1281
1281
1282
1282
1286
1294
1292
1294
1295
1277
1257
1230
1203
1172
1146
1121
1096
1079
1063
1057
1051
1047
1043
1037
1035
1031
1034
1034
1038
1046
1054
1065
1082
1096
1105
1118
1133
1147
1161
1173
1185
1190
1197
1199
1204
1195
1195
1201
1198
1203
1212
1214
1223
1223
1237
1222
1227
1224
1215
1193
1175
1156
1129
1119
1107
1095
1094
1100
1102
1111
1132
1163
1184
1207
1226
1245
1246
1250
1253
1248
1249
1252
1256
1253
1250
1241
1228
1217
1203
1201
1186
1184
1181
1188
1196
1209
1223
1234
1245
1253
1255
1258
1256
1253
1245
1243
1239
1229
1214
1194
1164
1134
1114
1093
1078
1068
1060
1053
1050
1041
1049
1050
1042
1042
1036
1042
1042
1053
1057
1062
1070
1080
1096
1107
1120
1127
1143
1162
1179
1192
1195
1206
1206
1213
1218
1221
1217
1216
1217
1233
1218
1221
1226
1227
1236
1238
1256
1237
1236
1229
1210
1202
1188
1186
1172
1166
1162
1156
1156
1171
1193
1213
1239
1262
1277
1289
1298
1313
1315
1318
1323
1323
1323
1319
1314
1301
1291
1283
1277
1268
1256
1256
1255
1260
1270
1278
1289
1302
1314
1318
1325
1333
1337
1340
1345
1352
1357
1363
1366
1353
1335
1314
1294
1265
1234
1221
1197
1179
1166
1159
1152
1150
1149
1144
1137
1134
1133
1132
1120
1124
1120
1118
1125
1129
1139
1147
1173
1198
1216
1236
1251
1255
1262
1264
1260
1252
1253
1250
1243
1237
1241
1242
1246
1257
1268
1275
1290
1305
1307
1305
1298
1288
1273
1261
1247
1233
1218
1205
1200
1206
1222
1242
1263
1275
1294
1302
1308
1307
1305
1304
1301
1300
1299
1295
1302
1317
1325
1335
1347
1352
1355
1349
1350
1356
1353
1359
1370
1377
1382
1383
1391
1393
1401
1400
1411
1420
1430
1435
1430
1419
1398
1372
1343
1324
1304
1281
1255
1256
1241
1228
1225
1215
1212
1201
1196
1187
1185
1189
1186
1186
1180
1184
1185
1188
1194
1209
1222
1240
1263
1275
1281
1292
1299
1297
1301
1297
1295
1289
1284
1278
1277
1269
1269
1271
1262
1253
1245
1236
1225
1209
1202
1188
1189
1189
1191
1200
1210
1220
1234
1255
1285
1308
1335
1357
1380
1392
1401
1404
1410
1410
1410
1402
1395
1373
1377
1367
1358
1352
1350
1347
1331
1339
1339
1341
1349
1353
1361
1360
1362
1360
1358
1358
1350
1347
1341
1341
1339
1337
1328
1308
1280
1256
1231
1211
1193
1180
1168
1161
1154
1148
1149
1139
1133
1120
1108
1101
1090
1092
1088
1094
1102
1108
1110
1115
1123
1129
1140
1145
1145
1139
1129
1114
1099
1081
1078
1065
1058
1051
1046
1042
1043
1048
1048
1044
1046
1044
1041
1034
1033
1016
1001
994
986
978
976
968
980
951
950
962
978
997
1023
1045
1057
1073
1082
1093
1100
1104
1109
1106
1109
1109
1100
1093
1086
1080
1072
1053
1073
1077
1087
1101
1116
1132
1132
1155
1160
1160
1162
1163
1160
1158
1156
1147
1139
1129
1113
1090
1052
1022
990
959
933
909
890
870
857
851
854
856
859
864
860
868
874
880
890
897
904
907
916
921
925
936
945
962
972
986
996
997
1004
1007
1004
1000
1000
997
990
987
987
991
991
998
1010
1012
1022
1022
1025
1014
1003
992
975
966
958
950
944
937
933
936
947
962
977
991
1005
1019
1022
1027
1034
1033
1038
1035
1027
1022
1019
1015
1010
1005
1012
1011
1007
992
1003
997
1003
1010
1015
1020
1005
1026
1023
1022
1025
1027
1030
1024
1037
1034
1032
1016
991
967
948
920
897
878
857
835
814
795
783
768
758
742
727
711
698
693
683
679
675
679
682
692
705
720
741
768
795
809
823
837
847
849
853
853
850
846
845
848
838
835
831
823
820
816
823
821
816
810
797
786
783
781
780
778
785
781
788
794
812
829
850
870
882
883
893
895
897
897
893
902
873
869
862
854
842
838
849
836
836
836
843
854
874
900
910
925
923
916
907
896
886
870
843
847
833
819
806
779
761
735
725
713
705
699
696
692
693
700
702
700
696
692
681
674
667
664
663
665
669
665
666
672
677
682
698
714
734
741
750
777
761
770
774
776
780
779
783
780
781
777
775
772
771
772
775
773
774
762
751
743
731
718
709
695
679
660
653
648
654
662
682
693
702
715
723
728
729
735
733
737
737
736
734
733
733
733
731
736
731
737
735
746
748
749
760
757
760
759
757
759
763
766
762
762
756
754
743
722
696
663
634
604
575
543
514
494
476
468
462
466
471
455
455
451
437
427
420
412
392
382
375
358
346
344
337
335
339
336
333
328
327
323
315
315
312
313
315
321
330
332
323
351
363
368
380
393
391
386
382
368
362
357
359
355
357
359
353
358
369
382
396
404
416
421
423
424
427
426
426
432
440
431
432
426
415
410
406
400
389
387
381
373
371
377
382
389
396
406
408
416
413
410
405
397
399
392
376
362
336
313
293
283
273
262
256
253
256
256
266
268
261
257
245
227
211
197
187
177
173
175
178
184
198
211
216
236
254
264
276
282
285
287
283
277
266
248
223
208
179
165
148
141
143
154
169
183
197
212
215
220
220
222
214
210
205
200
198
203
218
231
245
264
275
280
291
295
299
305
308
305
307
308
311
308
306
302
296
296
291
282
275
275
277
284
291
301
306
309
310
313
316
316
314
318
318
318
316
301
275
252
222
198
165
163
149
141
136
140
142
149
155
157
155
154
153
148
151
155
154
157
161
164
172
181
195
214
230
252
263
275
290
304
314
314
319
318
314
312
309
315
311
313
320
321
326
331
337
317
305
290
269
257
244
236
214
208
200
203
209
227
252
263
278
295
303
310
321
326
334
332
348
349
351
350
354
352
340
350
345
340
340
339
343
345
353
360
362
368
372
371
363
369
367
358
359
345
340
316
296
272
253
237
227
215
202
189
171
164
168
170
172
174
181
193
177
185
193
200
214
232
248
262
282
302
322
342
361
387
380
382
384
382
378
373
373
363
360
349
348
342
342
351
341
344
351
352
360
354
352
338
328
320
311
310
307
312
306
319
338
362
387
406
423
431
440
445
443
441
440
436
422
416
404
391
378
367
361
346
337
327
316
315
321
340
327
333
337
336
337
339
343
342
346
344
343
342
346
333
315
295
282
267
259
251
246
234
232
230
228
231
228
224
213
205
201
200
206
220
238
257
274
311
340
366
406
433
468
493
526
537
545
551
544
537
522
512
502
487
482
474
471
470
472
470
471
470
472
459
443
434
427
414
404
388
378
368
361
358
363
376
394
401
416
431
447
451
467
478
492
497
505
515
518
523
527
529
528
539
540
539
529
557
568
587
609
628
647
659
680
686
695
702
706
710
701
718
709
686
654
619
587
546
531
511
493
485
478
483
493
522
541
557
584
599
621
638
666
694
727
772
832
889
943
999
1041
1083
1114
1128
1137
1139
1138
1141
1117
1101
1089
1066
1052
1039
1029
1017
1002
996
985
979
966
952
932
903
877
842
808
780
754
731
701
690
674
662
665
673
677
676
691
694
686
685
680
668
668
665
655
661
661
666
663
662
664
669
661
662
659
660
670
677
678
682
688
690
683
680
676
671
664
644
651
642
626
601
569
548
516
498
486
471
460
453
440
439
445
464
459
464
459
455
443
436
445
416
403
394
383
377
378
377
374
382
398
404
415
421
422
428
437
446
449
455
460
468
472
464
484
490
496
505
512
519
513
508
490
473
459
439
428
419
412
410
405
413
429
447
467
488
512
523
536
544
542
537
539
542
530
524
520
514
511
510
515
511
511
508
507
514
517
528
524
525
533
536
544
554
565
578
586
601
611
621
628
616
589
572
556
537
522
511
497
489
481
482
490
501
510
512
507
494
497
487
475
466
453
443
436
432
431
430
443
463
484
507
533
546
561
575
585
590
592
597
599
588
577
571
551
532
516
505
487
484
485
476
473
465
461
454
452
447
440
438
434
438
450
468
497
515
538
560
582
595
616
635
649
660
666
664
660
655
653
651
646
653
644
634
627
627
620
619
622
625
630
638
645
652
661
665
668
667
667
666
656
633
602
558
522
485
458
428
402
381
367
357
356
362
365
365
365
365
360
359
362
358
364
356
383
401
420
443
465
489
510
542
554
565
572
581
586
584
584
585
582
588
588
596
589
604
607
611
619
621
630
627
622
618
614
615
611
609
614
620
622
630
656
681
705
733
755
782
791
802
813
819
824
824
837
816
815
810
807
806
807
820
815
818
821
831
848
868
892
905
931
947
958
970
978
983
978
981
985
980
978
962
940
915
884
864
844
829
816
802
789
772
787
790
790
787
781
780
775
781
785
795
808
821
832
839
853
859
867
877
896
905
911
918
922
921
912
914
912
908
909
925
912
921
921
923
925
934
940
939
942
935
913
892
871
856
840
823
812
798
784
782
788
799
817
828
836
840
845
844
842
844
855
861
865
875
875
879
874
865
848
838
822
809
790
781
771
764
756
756
752
751
752
747
762
754
756
759
759
762
753
732
706
681
658
643
636
634
638
642
649
663
680
698
720
730
741
732
747
746
744
747
749
752
752
763
766
772
783
788
797
805
807
802
802
803
804
797
792
782
778
771
766
768
766
774
775
786
785
791
790
776
766
750
732
716
700
687
675
671
668
671
688
710
733
756
777
793
806
809
803
816
811
810
809
798
797
788
784
780
772
770
763
750
728
742
742
746
756
764
771
774
781
782
778
774
767
760
751
754
752
747
732
718
708
694
686
678
666
654
641
633
633
641
648
653
659
663
673
676
680
677
679
681
686
694
706
726
748
764
792
808
824
832
840
847
846
844
843
839
833
833
832
830
835
841
850
854
857
861
859
853
843
828
821
809
798
789
777
769
756
748
758
767
779
794
805
812
817
816
817
807
797
782
770
760
755
743
742
725
728
730
727
730
739
753
765
793
820
864
914
968
1020
1066
1124
1167
1205
1250
1288
1323
1349
1363
1362
1350
1334
1304
1263
1217
1167
1121
1079
1056
1052
1053
1061
1073
1090
1092
1101
1114
1115
1120
1123
1138
1142
1153
1169
1181
1196
1221
1241
1265
1270
1293
1301
1306
1307
1304
1301
1293
1292
1287
1287
1290
1292
1296
1300
1317
1323
1334
1342
1340
1333
1323
1320
1312
1302
1292
1282
1269
1264
1265
1271
1285
1302
1315
1328
1338
1352
1357
1367
1378
1384
1389
1393
1399
1407
1412
1419
1423
1428
1436
1443
1468
1457
1468
1474
1480
1488
1496
1510
1516
1525
1529
1536
1540
1536
1539
1533
1529
1521
1503
1477
1446
1430
1389
1370
1357
1339
1332
1330
1329
1329
1338
1338
1334
1331
1320
1312
1299
1291
1284
1281
1284
1290
1300
1304
1321
1336
1361
1382
1404
1415
1423
1431
1432
1428
1422
1413
1402
1392
1382
1388
1384
1387
1387
1385
1386
1383
1389
1387
1379
1367
1357
1346
1338
1340
1339
1334
1337
1333
1341
1355
1380
1404
1421
1441
1452
1458
1468
1473
1479
1476
1480
1484
1490
1496
1508
1516
1523
1536
1547
1551
1560
1563
1566
1574
1576
1577
1576
1579
1578
1572
1565
1557
1555
1553
1548
1553
1552
1548
1533
1515
1494
1477
1466
1457
1456
1461
1471
1493
1514
1558
1604
1637
1673
1690
1691
1661
1635
1604
1568
1538
1501
1466
1431
1406
1386
1380
1378
1379
1385
1379
1377
1370
1365
1366
1359
1358
1358
1357
1372
1381
1388
1397
1402
1406
1414
1421
1425
1430
1427
1415
1407
1400
1400
1390
1385
1385
1374
1369
1367
1374
1384
1398
1408
1425
1432
1442
1451
1463
1468
1478
1482
1495
1497
1510
1522
1523
1531
1538
1543
1542
1544
1542
1537
1537
1538
1538
1545
1553
1561
1568
1573
1578
1585
1584
1589
1582
1577
1564
1557
1528
1499
1471
1448
1428
1414
1412
1405
1405
1417
1426
1437
1444
1464
1468
1466
1467
1460
1461
1459
1462
1465
1468
1484
1493
1513
1537
1565
1597
1621
1645
1664
1672
1685
1691
1692
1688
1686
1683
1673
1671
1670
1673
1674
1676
1678
1683
1686
1694
1694
1685
1674
1665
1641
1621
1605
1582
1567
1555
1558
1571
1591
1617
1638
1655
1666
1686
1692
1695
1699
1703
1703
1706
1702
1714
1693
1689
1686
1676
1676
1674
1672
1666
1664
1671
1669
1677
1680
1683
1681
1676
1679
1673
1677
1683
1694
1705
1715
1726
1727
1714
1703
1683
1669
1653
1645
1631
1620
1615
1612
1613
1618
1626
1633
1628
1630
1633
1633
1641
1647
1661
1666
1677
1684
1691
1699
1711
1718
1729
1737
1747
1750
1753
1754
1757
1753
1737
1750
1751
1754
1759
1761
1767
1772
1782
1789
1797
1803
1804
1801
1782
1768
1752
1738
1732
1729
1725
1723
1724
1744
1750
1771
1796
1819
1839
1858
1873
1878
1884
1894
1894
1898
1900
1906
1901
1903
1897
1888
1888
1884
1879
1867
1846
1849
1846
1838
1834
1829
1827
1821
1827
1821
1815
1812
1799
1792
1785
1779
1776
1757
1735
1711
1690
1668
1659
1658
1640
1636
1631
1624
1629
1639
1647
1647
1649
1658
1665
1681
1693
1703
1708
1720
1729
1738
1751
1767
1783
1802
1819
1835
1840
1841
1841
1839
1834
1828
1830
1828
1825
1826
1827
1826
1830
1832
1823
1823
1819
1814
1817
1814
1808
1803
1786
1774
1760
1738
1722
1706
1703
1683
1690
1703
1710
1723
1723
1729
1720
1716
1708
1702
1690
1687
1687
1675
1673
1668
1664
1662
1663
1656
1654
1634
1638
1631
1630
1636
1642
1650
1654
1672
1675
1679
1679
1680
1677
1677
1680
1678
1672
1658
1641
1617
1586
1559
1539
1520
1502
1493
1477
1470
1470
1482
1484
1488
1491
1498
1508
1517
1527
1533
1540
1545
1548
1550
1557
1563
1564
1572
1581
1584
1586
1586
1588
1588
1595
1588
1575
1564
1551
1549
1541
1535
1546
1547
1547
1550
1555
1556
1548
1547
1529
1516
1496
1479
1461
1435
1414
1387
1366
1349
1350
1361
1381
1410
1438
1464
1494
1517
1529
1540
1552
1563
1563
1571
1576
1576
1573
1570
1566
1561
1552
1543
1531
1523
1522
1526
1524
1532
1541
1541
1546
1548
1544
1539
1537
1538
1535
1527
1520
1507
1479
1447
1431
1409
1387
1372
1362
1349
1339
1341
1339
1341
1346
1345
1341
1332
1328
1321
1316
1314
1313
1299
1293
1282
1281
1261
1259
1260
1260
1267
1278
1287
1284
1293
1307
1313
1320
1326
1337
1346
1354
1368
1374
1377
1381
1384
1388
1388
1388
1379
1364
1349
1334
1325
1315
1303
1297
1287
1281
1279
1281
1294
1318
1343
1354
1372
1384
1389
1402
1408
1415
1417
1426
1434
1438
1438
1439
1441
1436
1422
1426
1419
1412
1416
1411
1425
1432
1448
1459
1459
1466
1467
1467
1460
1468
1466
1462
1462
1459
1451
1431
1406
1376
1348
1322
1291
1271
1249
1234
1223
1227
1232
1240
1241
1240
1235
1241
1233
1239
1252
1270
1287
1307
1331
1349
1369
1385
1455
1771
2220
2699
3154
3555
3900
4183
4409
4592
4740
4849
4930
5000
5042
5078
5099
5114
5123
5123
5125
5104
5071
5033
4994
4968
4962
4971
4993
4985
4949
4757
4372
3923
3484
3100
2760
2486
2267
2091
1961
1861
1786
1726
1685
1657
1637
1621
1603
1594
1585
1578
1572
1563
1551
1542
1525
1513
1508
1509
1502
1492
1491
1477
1468
1442
1447
1433
1419
1409
1410
1404
1391
1373
1350
1331
1310
1297
1281
1276
1266
1257
1253
1256
1265
1277
1284
1292
1302
1307
1311
1321
1328
1326
1326
1342
1330
1340
1350
1363
1385
1413
1449
1464
1476
1493
1501
1507
1512
1511
1516
1516
1519
1518
1526
1530
1533
1530
1523
1539
1539
1540
1538
1528
1510
1481
1477
1460
1436
1424
1404
1388
1373
1375
1382
1386
1394
1403
1409
1421
1436
1449
1462
1480
1498
1515
1530
1554
1572
1583
1600
1615
1628
1641
1668
1684
1701
1714
1756
1786
1813
1838
1858
1876
1892
1907
1920
1924
1934
1945
1949
1944
1942
1926
1903
1876
1859
1845
1830
1820
1809
1805
1801
1809
1825
1833
1852
1869
1867
1877
1884
1898
1909
1914
1925
1961
2149
2466
2840
3233
3607
3946
4233
4480
4684
4843
4976
5082
5166
5224
5279
5326
5368
5404
5436
5470
5499
5533
5568
5601
5630
5654
5670
5677
5683
5677
5673
5667
5661
5652
5640
5615
5622
5618
5625
5631
5641
5645
5635
5651
5650
5649
5647
5644
5641
5630
5630
5628
5622
5614
5608
5602
5593
5593
5591
5584
5582
5583
5586
5587
5590
5585
5577
5572
5568
5562
5560
5564
5581
5579
5590
5597
5590
5579
5558
5550
5503
5480
5458
5425
5399
5375
5351
5331
5314
5301
5271
5252
5223
5198
5159
5110
5047
4977
4911
4851
4799
4748
4608
4296
3923
3560
3237
2962
2728
2528
2394
2279
2182
2110
2058
2009
1979
1962
1959
2101
2374
2713
3061
3381
3671
3921
4123
4288
4410
4512
4588
4646
4707
4721
4744
4761
4778
4804
4832
4860
4882
4903
4926
4942
4957
4966
4976
4980
4978
4980
4972
4967
4962
4961
4956
4942
4954
4953
4947
4947
4941
4942
4950
4958
4964
4976
4979
4984
4990
4986
4984
4985
4985
4990
4987
4989
4979
4961
4940
4906
4892
4875
4872
4871
4877
4886
4890
4894
4891
4874
4854
4818
4774
4707
4455
4076
3668
3365
3297
3399
3549
3750
3953
4138
4304
4440
4556
4644
4717
4785
4847
4900
4949
4990
5022
5041
5072
5085
5099
5113
5128
5141
5154
5179
5192
5202
5206
5207
5207
5209
5210
5219
5223
5228
5226
5228
5220
5234
5253
5263
5278
5291
5298
5308
5323
5333
5342
5355
5370
5381
5393
5411
5426
5439
5455
5461
5468
5475
5481
5489
5494
5500
5501
5501
5510
5514
5516
5515
5514
5519
5527
5527
5544
5557
5564
5570
5574
5565
5546
5523
5508
5481
5462
5445
5426
5416
5408
5408
5407
5407
5405
5395
5384
5369
5349
5323
5282
5263
5219
5168
5108
5044
4988
4951
4944
4959
4985
5021
5050
5069
5081
5089
5099
5109
5118
5123
5123
5121
5121
5106
5048
4995
4946
4898
4867
4856
4882
4937
5017
5110
5204
5301
5383
5459
5510
5548
5586
5610
5620
5598
5538
5461
5379
5308
5258
5259
5285
5322
5359
5399
5437
5468
5493
5519
5539
5556
5577
5589
5603
5610
5625
5636
5651
5667
5681
5694
5702
5709
5713
5714
5707
5698
5682
5661
5637
5608
5566
5519
5472
5420
5366
5302
5238
5154
5041
4910
4798
4722
4664
4583
4485
4366
4250
4158
4074
3900
3592
3245
2889
2582
2321
2099
1921
1780
1668
1581
1525
1474
1437
1401
1381
1372
1358
1350
1352
1352
1354
1356
1363
1361
1360
1360
1355
1354
1345
1340
1326
1306
1296
1277
1257
1244
1235
1222
1209
1204
1206
1213
1227
1240
1248
1258
1267
1272
1274
1269
1281
1281
1281
1286
1282
1282
1274
1276
1266
1263
1267
1262
1263
1252
1270
1275
1281
1291
1304
1315
1326
1340
1345
1350
1360
1363
1362
1363
1363
1376
1346
1329
1300
1267
1242
1217
1206
1190
1184
1174
1163
1152
1144
1142
1132
1123
1116
1102
1092
1075
1060
1044
1008
1013
1001
990
990
989
1002
1016
1047
1063
1078
1092
1101
1114
1121
1132
1142
1152
1158
1167
1178
1188
1204
1211
1221
1231
1237
1234
1233
1219
1221
1196
1191
1184
1177
1170
1166
1168
1161
1171
1184
1205
1222
1250
1268
1278
1294
1304
1316
1326
1338
1349
1354
1358
1367
1370
1371
1372
1379
1378
1371
1372
1374
1380
1394
1402
1416
1420
1441
1450
1450
1456
1462
1460
1460
1463
1463
1458
1458
1439
1415
1384
1362
1340
1318
1298
1277
1264
1249
1250
1252
1253
1265
1270
1267
1265
1259
1256
1250
1249
1243
1240
1236
1246
1266
1267
1282
1306
1330
1352
1367
1387
1394
1414
1430
1442
1448
1459
1471
1468
1476
1480
1480
1482
1484
1492
1497
1503
1503
1495
1479
1466
1450
1438
1419
1438
1443
1447
1461
1479
1503
1519
1564
1585
1607
1623
1640
1648
1654
1663
1665
1668
1662
1661
1651
1640
1636
1640
1648
1658
1664
1658
1664
1667
1676
1678
1689
1701
1707
1716
1724
1738
1737
1746
1755
1761
1770
1780
1786
1778
1739
1732
1706
1687
1677
1733
1944
2229
2532
2820
3080
3313
3513
3683
3838
3986
4110
4225
4338
4425
4507
4580
4648
4699
4749
4791
4826
4866
4899
4929
4954
4960
4962
4950
4931
4910
4894
4876
4849
4754
4443
4033
3623
3240
2920
2649
2435
2262
2124
2004
1907
1824
1763
1696
1672
1639
1621
1609
1594
1591
1598
1611
1627
1638
1650
1665
1701
1845
2065
2323
2585
2842
3101
3354
3592
3809
3995
4161
4301
4420
4519
4599
4675
4752
4790
4832
4871
4903
4925
4944
4955
4957
4963
4962
4965
4965
4970
4970
4966
4951
4927
4899
4874
4844
4799
4722
4592
4440
4277
4115
3969
3798
3497
3145
2905
2807
2842
2972
3139
3330
3512
3683
3826
3948
4052
4137
4201
4262
4312
4355
4345
4345
4329
4304
4276
4246
4216
4175
4134
4046
3769
3399
3017
2670
2419
2325
2341
2416
2524
2630
2729
2752
2604
2376
2134
1904
1704
1537
1404
1300
1245
1198
1173
1153
1133
1119
1101
1087
1070
1051
1037
1021
1005
997
985
980
966
960
960
953
960
951
951
950
950
956
955
951
942
933
920
913
909
894
884
875
864
853
841
824
805
789
774
762
758
755
756
758
757
768
779
787
797
803
805
807
810
819
826
834
842
849
859
865
873
876
888
901
920
925
933
936
935
939
939
937
932
928
925
921
916
907
902
892
877
885
881
873
866
850
826
805
787
768
752
742
733
725
719
735
751
777
802
821
839
847
866
871
873
880
880
880
869
868
861
853
844
832
820
805
790
775
756
741
722
707
695
682
669
660
653
650
652
659
670
704
708
727
749
754
753
744
735
724
716
711
705
698
697
707
716
733
753
774
792
816
836
846
856
867
873
874
880
880
884
890
900
913
930
935
940
944
950
955
956
952
958
961
962
965
976
981
986
1003
1013
1027
1029
1052
1062
1054
1050
1039
1033
1021
1012
1004
995
987
987
994
1008
1029
1050
1066
1085
1101
1112
1121
1127
1129
1132
1141
1141
1146
1150
1155
1160
1156
1180
1298
1518
1804
2111
2412
2676
2916
3122
3300
3447
3572
3673
3732
3786
3819
3849
3873
3884
3889
3874
3841
3779
3664
3403
3044
2674
2333
2037
1798
1599
1455
1353
1278
1218
1174
1255
1479
1766
2071
2357
2616
2839
3032
3194
3339
3459
3554
3645
3724
3802
3866
3868
3854
3865
3898
3964
4057
4154
4244
4329
4406
4473
4534
4573
4613
4611
4615
4610
4618
4651
4682
4722
4749
4771
4785
4800
4815
4847
4875
4903
4946
4984
5026
5061
5093
5118
5137
5157
5174
5183
5199
5203
5215
5216
5213
5210
5202
5184
5158
5140
5101
5044
4977
4907
4836
4770
4704
4620
4493
4217
3821
3410
3026
2693
2405
2170
1984
1828
1708
1615
1531
1452
1388
1330
1277
1232
1202
1175
1153
1148
1149
1162
1177
1244
1494
1868
2270
2696
3076
3410
3686
3897
4073
4210
4341
4447
4536
4613
4682
4734
4774
4812
4829
4841
4843
4832
4815
4783
4746
4672
4520
4328
4110
3783
3406
3040
2714
2429
2200
2016
1858
1725
1627
1541
1481
1432
1396
1366
1341
1325
1324
1330
1340
1355
1369
1373
1380
1388
1374
1375
1377
1366
1371
1364
1363
1360
1354
1352
1346
1345
1346
1341
1334
1330
1331
1332
1341
1349
1360
1363
1362
1371
1374
1376
1373
1372
1371
1368
1365
1353
1333
1309
1284
1263
1244
1228
1216
1208
1203
1198
1198
1200
1205
1211
1206
1201
1202
1196
1200
1209
1225
1235
1257
1275
1291
1307
1325
1335
1352
1362
1366
1366
1365
1355
1356
1352
1345
1349
1346
1349
1349
1351
1342
1336
1340
1335
1327
1327
1326
1324
1312
1299
1286
1278
1270
1263
1258
1250
1247
1241
1244
1257
1268
1281
1294
1302
1306
1302
1300
1306
1296
1296
1289
1281
1272
1260
1253
1249
1248
1255
1264
1261
1265
1272
1271
1281
1295
1307
1321
1330
1340
1339
1340
1339
1330
1319
1317
1309
1314
1290
1270
1246
1222
1196
1175
1154
1137
1117
1107
1089
1075
1068
1061
1051
1037
1024
1004
992
981
969
952
935
943
950
957
972
985
1006
1020
1044
1055
1065
1081
1083
1098
1112
1129
1141
1156
1166
1181
1191
1198
1208
1229
1226
1233
1234
1230
1226
1210
1195
1165
1140
1112
1094
1078
1064
1059
1056
1059
1072
1085
1100
1121
1128
1136
1132
1141
1144
1143
1145
1138
1132
1129
1121
1103
1088
1074
1059
1039
1029
1012
1003
987
985
981
984
981
980
978
971
966
960
953
949
951
949
948
929
928
900
866
835
804
767
727
701
664
629
603
577
558
541
526
508
495
487
468
450
426
403
374
347
319
293
264
240
221
206
165
130
83
36
-12
-66
-109
-149
-163
-152
-131
-99
-65
-30
-3
30
56
82
106
127
144
147
143
142
137
135
135
141
144
148
164
186
208
235
258
279
290
314
325
337
343
354
364
356
373
376
379
378
376
373
370
371
367
359
363
360
366
369
374
382
385
389
387
384
377
375
371
370
366
364
348
324
298
281
244
270
353
456
569
676
773
850
917
967
1000
1025
1036
1047
1053
1060
1064
1062
1061
1068
1076
1087
1099
1112
1126
1146
1154
1161
1163
1161
1158
1153
1148
1142
1146
1143
1154
1162
1168
1172
1174
1175
1173
1169
1167
1158
1132
1112
1086
1061
1028
1009
989
966
954
948
950
973
1005
1039
1066
1100
1129
1152
1171
1188
1214
1217
1231
1250
1260
1261
1266
1267
1254
1257
1262
1267
1273
1282
1290
1297
1313
1324
1332
1337
1341
1344
1339
1339
1336
1333
1325
1324
1320
1314
1301
1283
1268
1255
1249
1244
1240
1243
1244
1240
1238
1239
1240
1237
1218
1228
1224
1212
1216
1220
1225
1222
1239
1245
1254
1261
1268
1276
1282
1296
1300
1297
1295
1282
1264
1241
1219
1184
1145
1098
1033
941
815
681
568
444
352
282
228
184
143
112
80
55
39
24
19
20
21
19
28
48
61
75
92
102
114
102
114
110
107
105
103
97
94
92
86
85
79
73
70
58
51
44
29
29
19
12
3
0
3
-21
-30
-39
-53
-57
-63
-60
-71
-83
-103
-132
-163
-188
-214
-233
-253
-267
-280
-290
-294
-287
-284
-280
-280
-284
-285
-286
-285
-280
-275
-254
-243
-229
-211
-196
-177
-163
-128
-106
-90
-78
-77
-79
-74
-75
-67
-87
-90
-97
-102
-100
-100
-92
-89
-77
-69
-63
-56
-54
-56
-74
-85
-106
-121
-136
-153
-159
-184
-201
-212
-206
-195
-186
-171
-162
-160
-153
-151
-156
-158
-157
-166
-171
-175
-185
-202
-212
-226
-239
-258
-256
-271
-275
-276
-274
-270
-276
-269
-270
-279
-286
-296
-306
-318
-330
-340
-351
-356
-368
-388
-413
-434
-452
-478
-499
-510
-527
-541
-554
-556
-565
-565
-567
-572
-574
-583
-581
-582
-579
-565
-558
-550
-536
-523
-513
-504
-491
-475
-461
-452
-448
-452
-460
-462
-471
-479
-487
-495
-503
-512
-509
-514
-518
-518
-520
-512
-500
-479
-461
-451
-437
-430
-425
-413
-408
-395
-390
-377
-366
-350
-327
-302
-271
-254
-236
-223
-211
-201
-191
-183
-179
-174
-172
-176
-176
-175
-172
-180
-178
-185
-195
-204
-214
-216
-219
-214
-208
-202
-194
-192
-191
-197
-208
-210
-215
-216
-219
-220
-225
-234
-251
-273
-289
-296
-300
-304
-309
-299
-298
-292
-273
-264
-260
-264
-274
-284
-296
-304
-312
-317
-319
-314
-311
-302
-293
-279
-265
-247
-229
-218
-211
-206
-206
-210
-214
-216
-222
-230
-230
-229
-229
-229
-222
-228
-229
-226
-229
-235
-240
-252
-259
-277
-279
-281
-284
-282
-285
-286
-294
-291
-286
-274
-266
-246
-232
-217
-197
-180
-166
-156
-150
-142
-149
-153
-160
-166
-176
-182
-191
-194
-196
-203
-211
-213
-219
-220
-225
-231
-231
-236
-245
-251
-252
-254
-256
-255
-254
-251
-244
-254
-269
-284
-304
-325
-340
-356
-365
-378
-387
-393
-383
-396
-391
-387
-388
-392
-387
-376
-374
-363
-359
-355
-347
-340
-323
-314
-295
-276
-256
-245
-231
-221
-217
-208
-204
-201
-198
-191
-186
-181
-172
-168
-167
-166
-163
-155
-155
-160
-150
-159
-178
-194
-212
-229
-257
-253
-263
-275
-275
-275
-264
-260
-228
-202
-186
-164
-148
-135
-124
-114
-102
-97
-90
-91
-93
-98
-100
-103
-110
-117
-124
-132
-140
-143
-146
-143
-129
-120
-114
-102
-88
-86
-85
-76
-66
-67
-62
-62
-68
-87
-114
-145
-178
-206
-226
-242
-258
-264
-270
-268
-258
-245
-227
-220
-214
-205
-199
-191
-182
-172
-165
-155
-140
-132
-120
-115
-106
-102
-99
-91
-92
-100
-108
-116
-128
-145
-158
-177
-199
-215
-228
-234
-239
-231
-227
-216
-208
-198
-193
-199
-208
-215
-222
-229
-230
-235
-238
-231
-237
-234
-219
-202
-185
-166
-149
-120
-123
-108
-101
-93
-83
-77
-57
-71
-64
-63
-67
-71
-75
-80
-92
-101
-109
-115
-119
-114
-110
-114
-108
-106
-107
-104
-100
-93
-87
-82
-62
-59
-55
-60
-77
-100
-130
-152
-174
-190
-203
-214
-223
-232
-223
-218
-218
-216
-221
-228
-232
-229
-227
-221
-205
-189
-171
-152
-126
-104
-74
-43
-10
18
27
50
54
58
57
50
43
25
22
13
13
14
16
21
30
36
52
55
65
58
51
37
28
16
6
0
-8
-10
-15
-13
-2
12
31
47
60
70
82
97
94
98
104
104
109
112
118
113
118
116
116
116
110
112
104
105
112
116
121
125
127
127
118
116
101
87
71
59
45
28
28
6
-24
-48
-76
-102
-131
-145
-167
-181
-192
-199
-193
-188
-181
-174
-169
-167
-163
-154
-139
-126
-112
-95
-72
-51
-28
-2
26
61
82
107
129
137
147
163
170
167
162
159
157
146
140
136
130
122
122
116
117
117
114
101
72
74
58
41
35
23
10
-3
3
13
26
49
70
88
108
128
140
151
159
163
168
170
173
185
184
192
197
201
207
213
218
210
215
217
219
224
232
237
242
247
244
246
247
252
252
249
250
254
257
242
225
204
184
147
146
137
124
118
110
109
109
113
107
97
86
77
67
60
59
69
60
65
69
75
83
89
95
105
122
133
146
155
167
187
201
215
224
231
241
243
247
244
250
254
256
258
260
260
259
247
242
222
205
194
182
166
159
157
157
161
171
196
214
238
259
267
285
295
301
306
294
312
314
313
315
313
307
301
302
296
291
284
279
269
268
274
272
276
279
276
275
264
267
261
256
253
253
249
247
241
220
199
179
162
156
140
132
136
123
125
133
139
146
152
159
157
159
170
178
182
192
200
202
207
216
218
231
249
262
274
286
300
304
309
311
310
308
302
300
296
297
297
298
300
304
315
322
323
329
317
308
298
302
299
295
295
293
290
293
299
313
334
358
376
392
403
412
434
422
425
419
409
408
403
403
389
385
383
379
374
370
369
367
374
376
387
392
397
399
396
384
398
395
399
393
394
383
364
369
346
321
295
269
246
226
220
211
200
198
202
216
228
251
261
268
273
276
273
268
264
259
252
254
253
261
276
298
343
358
388
413
428
438
450
453
445
450
449
443
440
434
429
423
416
414
410
414
428
444
451
454
449
439
430
422
417
417
424
440
479
536
599
668
727
779
821
851
874
886
895
894
895
893
890
877
868
856
837
818
814
807
797
791
792
799
803
817
821
827
829
833
834
827
827
817
810
806
799
788
768
743
708
673
646
617
596
573
554
543
519
507
497
478
460
440
422
405
391
381
371
365
358
349
347
344
337
338
345
358
369
379
383
399
405
420
434
443
453
458
474
482
484
492
494
499
500
501
499
495
479
462
449
437
432
425
411
412
412
404
407
418
438
453
473
498
518
540
565
592
609
623
635
646
650
658
653
647
619
624
617
613
614
615
622
623
645
662
675
686
694
704
707
721
723
724
732
739
748
753
744
723
702
680
659
642
623
608
604
574
563
562
562
564
571
574
570
567
563
553
546
533
537
514
506
504
498
499
508
512
514
508
502
491
488
482
480
476
477
477
481
481
489
493
491
493
504
503
513
516
518
506
491
484
468
455
438
420
415
395
385
392
394
414
432
449
466
486
493
502
512
517
515
518
515
518
509
506
501
500
505
507
505
504
505
512
521
529
539
554
562
575
584
591
594
598
604
605
613
614
609
588
564
534
501
468
449
425
400
382
368
364
362
368
370
369
373
371
368
354
365
350
338
326
317
309
305
311
320
336
353
373
392
406
424
439
450
465
473
480
489
498
509
520
528
535
538
538
535
531
512
490
464
440
422
406
400
391
395
399
407
428
454
478
507
519
551
572
590
609
615
624
616
633
629
621
621
608
599
580
575
564
545
538
531
537
546
567
581
595
610
617
616
615
610
598
589
582
579
580
582
568
553
527
508
488
465
451
438
421
420
414
411
399
384
364
362
330
314
307
300
292
291
294
289
297
312
320
347
373
396
408
421
433
431
435
438
442
436
436
434
438
442
446
455
455
458
459
456
465
464
459
448
432
416
409
403
407
400
394
387
400
413
424
444
452
460
454
474
473
474
474
474
475
473
470
468
463
451
448
444
439
443
444
448
456
471
486
497
510
530
519
520
520
517
513
511
503
497
489
474
448
416
387
363
343
332
321
313
309
307
311
314
322
323
317
315
312
308
305
295
306
306
311
321
332
341
358
379
399
412
430
439
446
448
453
447
440
433
427
417
413
414
409
409
413
424
432
435
448
443
429
416
400
387
376
368
359
358
354
357
361
375
390
400
410
418
427
429
433
429
427
418
413
407
396
386
379
380
366
367
374
372
371
378
384
393
412
431
443
455
466
482
466
460
453
445
441
440
436
422
403
382
356
337
320
306
278
259
241
226
216
212
213
215
223
235
239
247
257
262
262
261
263
264
264
265
272
268
281
288
284
280
270
266
265
259
260
257
254
252
249
252
256
258
257
258
257
256
248
234
233
220
202
188
178
165
150
158
153
150
172
196
215
232
255
263
270
274
278
275
272
274
274
267
272
272
267
261
260
250
239
228
215
197
183
175
170
150
135
125
112
98
96
87
79
76
78
81
89
95
93
86
66
77
74
68
70
70
69
75
92
110
131
158
176
195
210
230
245
254
262
266
271
281
296
307
325
353
382
407
433
456
472
474
483
491
493
494
501
509
507
513
521
528
538
552
563
572
582
584
574
560
542
538
525
506
513
504
499
495
502
517
534
551
569
587
601
610
618
626
628
635
633
637
639
642
644
646
651
656
660
660
657
665
674
681
683
686
690
685
682
682
682
669
670
666
658
656
653
636
608
580
553
520
504
483
471
456
445
440
441
444
450
452
451
437
452
447
449
453
448
454
453
462
464
471
480
488
494
509
515
526
538
548
560
570
578
590
594
602
614
621
628
637
640
660
645
648
644
628
616
595
579
566
552
539
523
512
502
499
500
516
538
561
581
601
624
637
654
670
680
691
697
696
691
672
663
640
619
603
584
574
572
586
598
612
643
665
684
700
720
729
736
736
735
735
738
736
756
732
717
695
667
640
624
625
709
868
1060
1252
1422
1478
1420
1311
1186
1068
956
859
782
720
664
631
606
587
684
1010
1463
1953
2434
2860
3216
3508
3746
3939
4061
4062
4068
4088
4123
4174
4229
4276
4318
4356
4388
4407
4409
4410
4414
4399
4375
4353
4338
4341
4344
4344
4329
4312
4292
4267
4248
4228
4210
4197
4177
4136
4064
4013
3976
3961
3975
4002
4024
4047
4066
4084
4096
4090
4059
4012
3978
3998
4066
4154
4255
4356
4456
4531
4603
4667
4719
4764
4795
4824
4847
4846
4875
4880
4885
4883
4869
4849
4823
4806
4786
4765
4753
4746
4730
4724
4726
4726
4720
4717
4712
4712
4692
4702
4699
4701
4706
4710
4719
4722
4737
4744
4754
4772
4785
4804
4808
4818
4823
4825
4825
4814
4789
4747
4703
4644
4577
4518
4453
4395
4338
4292
4244
4217
4219
4233
4253
4280
4314
4342
4370
4401
4429
4454
4487
4523
4570
4595
4633
4671
4701
4731
4751
4776
4782
4795
4806
4813
4818
4829
4842
4840
4842
4846
4846
4844
4850
4850
4849
4850
4859
4866
4874
4883
4882
4876
4871
4864
4849
4829
4805
4786
4767
4742
4724
4696
4663
4626
4588
4552
4516
4496
4472
4457
4442
4433
4423
4424
4419
4419
4413
4417
4418
4411
4414
4417
4420
4426
4432
4444
4454
4467
4484
4499
4525
4545
4561
4577
4593
4604
4616
4618
4619
4617
4607
4606
4603
4604
4600
4597
4604
4604
4601
4605
4607
4605
4589
4576
4565
4554
4550
4538
4531
4533
4536
4550
4552
4576
4598
4621
4643
4661
4677
4689
4699
4710
4713
4713
4712
4712
4701
4696
4692
4676
4668
4662
4658
4655
4653
4657
4670
4690
4709
4734
4749
4751
4774
4779
4775
4780
4780
4777
4772
4777
4772
4756
4733
4697
4663
4625
4592
4551
4512
4483
4454
4433
4422
4417
4413
4402
4389
4377
4358
4345
4334
4327
4310
4296
4288
4277
4279
4269
4286
4274
4287
4300
4318
4328
4334
4348
4356
4364
4371
4374
4373
4375
4369
4357
4343
4332
4314
4304
4299
4302
4299
4300
4295
4283
4277
4276
4265
4257
4252
4245
4240
4239
4245
4256
4267
4276
4297
4308
4316
4326
4334
4338
4346
4361
4366
4372
4380
4391
4395
4398
4401
4399
4402
4405
4399
4399
4400
4409
4422
4428
4446
4455
4467
4473
4478
4475
4468
4456
4439
4421
4406
4385
4361
4333
4309
4292
4270
4262
4259
4253
4243
4240
4244
4249
4252
4253
4247
4233
4225
4213
4194
4182
4171
4164
4155
4153
4160
4166
4173
4182
4191
4202
4202
4206
4200
4194
4190
4183
4174
4165
4166
4165
4169
4175
4176
4177
4177
4182
4187
4192
4196
4190
4176
4164
4151
4138
4122
4117
4105
4094
4086
4084
4086
4096
4115
4141
4162
4183
4199
4218
4229
4238
4250
4250
4251
4251
4266
4249
4243
4238
4231
4226
4218
4215
4196
4190
4187
4185
4185
4187
4194
4188
4190
4186
4190
4183
4173
4170
4158
4153
4142
4124
4095
4062
4031
3991
3965
3936
3910
3892
3873
3859
3849
3851
3855
3853
3858
3863
3864
3865
3869
3872
3874
3870
3869
3865
3866
3858
3869
3875
3888
3903
3908
3914
3908
3914
3914
3910
3910
3906
3901
3895
3892
3893
3890
3897
3898
3896
3896
3899
3907
3877
3859
3835
3807
3789
3768
3757
3727
3707
3688
3661
3648
3647
3655
3659
3661
3672
3670
3676
3681
3685
3679
3683
3682
3682
3689
3683
3687
3682
3677
3678
3671
3670
3666
3666
3662
3654
3669
3677
3683
3687
3689
3691
3688
3687
3687
3679
3678
3675
